2022/09/10-18:55:17.777775 23fc RocksDB version: 6.29.5
2022/09/10-18:55:17.777875 23fc Git sha da11a59034584ea2d0911268b8136e5249d6b692
2022/09/10-18:55:17.777890 23fc Compile date 2022-03-30 20:36:34
2022/09/10-18:55:17.777904 23fc DB SUMMARY
2022/09/10-18:55:17.777917 23fc DB Session ID:  11XZRHMYMZRY5L234E40
2022/09/10-18:55:17.780229 23fc CURRENT file:  CURRENT
2022/09/10-18:55:17.780247 23fc IDENTITY file:  IDENTITY
2022/09/10-18:55:17.780336 23fc MANIFEST file:  MANIFEST-000280 size: 1417 Bytes
2022/09/10-18:55:17.780349 23fc SST files in C:\Users\Admin\Documents\IBFT\Node-4\data\database dir, Total Num: 4, files: 000052.sst 000137.sst 000256.sst 000279.sst 
2022/09/10-18:55:17.780359 23fc Write Ahead Log file in C:\Users\Admin\Documents\IBFT\Node-4\data\database: 000005.log size: 61805 ; 000054.log size: 1393 ; 000082.log size: 664757 ; 000110.log size: 1552 ; 000139.log size: 2628365 ; 000168.log size: 220069 ; 000196.log size: 1908188 ; 000224.log size: 9930963 ; 000252.log size: 438750 ; 000281.log size: 228803 ; 
2022/09/10-18:55:17.780571 23fc                         Options.error_if_exists: 0
2022/09/10-18:55:17.780578 23fc                       Options.create_if_missing: 1
2022/09/10-18:55:17.780581 23fc                         Options.paranoid_checks: 1
2022/09/10-18:55:17.780584 23fc             Options.flush_verify_memtable_count: 1
2022/09/10-18:55:17.780588 23fc                               Options.track_and_verify_wals_in_manifest: 0
2022/09/10-18:55:17.780591 23fc                                     Options.env: 0000014E2E8A3250
2022/09/10-18:55:17.780595 23fc                                      Options.fs: WinFS
2022/09/10-18:55:17.780599 23fc                                Options.info_log: 0000014E2FE22680
2022/09/10-18:55:17.780602 23fc                Options.max_file_opening_threads: 16
2022/09/10-18:55:17.780605 23fc                              Options.statistics: 0000014E31535FD0
2022/09/10-18:55:17.780609 23fc                               Options.use_fsync: 0
2022/09/10-18:55:17.780612 23fc                       Options.max_log_file_size: 0
2022/09/10-18:55:17.780615 23fc                  Options.max_manifest_file_size: 1073741824
2022/09/10-18:55:17.780619 23fc                   Options.log_file_time_to_roll: 0
2022/09/10-18:55:17.780622 23fc                       Options.keep_log_file_num: 1000
2022/09/10-18:55:17.780625 23fc                    Options.recycle_log_file_num: 0
2022/09/10-18:55:17.780629 23fc                         Options.allow_fallocate: 1
2022/09/10-18:55:17.780632 23fc                        Options.allow_mmap_reads: 0
2022/09/10-18:55:17.780635 23fc                       Options.allow_mmap_writes: 0
2022/09/10-18:55:17.780638 23fc                        Options.use_direct_reads: 0
2022/09/10-18:55:17.780642 23fc                        Options.use_direct_io_for_flush_and_compaction: 0
2022/09/10-18:55:17.780645 23fc          Options.create_missing_column_families: 1
2022/09/10-18:55:17.780648 23fc                              Options.db_log_dir: 
2022/09/10-18:55:17.780652 23fc                                 Options.wal_dir: 
2022/09/10-18:55:17.780655 23fc                Options.table_cache_numshardbits: 6
2022/09/10-18:55:17.780658 23fc                         Options.WAL_ttl_seconds: 0
2022/09/10-18:55:17.780661 23fc                       Options.WAL_size_limit_MB: 0
2022/09/10-18:55:17.780665 23fc                        Options.max_write_batch_group_size_bytes: 1048576
2022/09/10-18:55:17.780668 23fc             Options.manifest_preallocation_size: 4194304
2022/09/10-18:55:17.780671 23fc                     Options.is_fd_close_on_exec: 1
2022/09/10-18:55:17.780675 23fc                   Options.advise_random_on_open: 1
2022/09/10-18:55:17.780678 23fc                   Options.experimental_mempurge_threshold: 0.000000
2022/09/10-18:55:17.780683 23fc                    Options.db_write_buffer_size: 0
2022/09/10-18:55:17.780687 23fc                    Options.write_buffer_manager: 0000014E2DAE75F0
2022/09/10-18:55:17.780690 23fc         Options.access_hint_on_compaction_start: 1
2022/09/10-18:55:17.780723 23fc  Options.new_table_reader_for_compaction_inputs: 0
2022/09/10-18:55:17.780728 23fc           Options.random_access_max_buffer_size: 1048576
2022/09/10-18:55:17.780731 23fc                      Options.use_adaptive_mutex: 0
2022/09/10-18:55:17.780735 23fc                            Options.rate_limiter: 0000000000000000
2022/09/10-18:55:17.780739 23fc     Options.sst_file_manager.rate_bytes_per_sec: 0
2022/09/10-18:55:17.780742 23fc                       Options.wal_recovery_mode: 2
2022/09/10-18:55:17.780745 23fc                  Options.enable_thread_tracking: 0
2022/09/10-18:55:17.780748 23fc                  Options.enable_pipelined_write: 0
2022/09/10-18:55:17.780752 23fc                  Options.unordered_write: 0
2022/09/10-18:55:17.780755 23fc         Options.allow_concurrent_memtable_write: 1
2022/09/10-18:55:17.780758 23fc      Options.enable_write_thread_adaptive_yield: 1
2022/09/10-18:55:17.780761 23fc             Options.write_thread_max_yield_usec: 100
2022/09/10-18:55:17.780765 23fc            Options.write_thread_slow_yield_usec: 3
2022/09/10-18:55:17.780768 23fc                               Options.row_cache: None
2022/09/10-18:55:17.780771 23fc                              Options.wal_filter: None
2022/09/10-18:55:17.780775 23fc             Options.avoid_flush_during_recovery: 0
2022/09/10-18:55:17.780778 23fc             Options.allow_ingest_behind: 0
2022/09/10-18:55:17.780781 23fc             Options.preserve_deletes: 0
2022/09/10-18:55:17.780784 23fc             Options.two_write_queues: 0
2022/09/10-18:55:17.780787 23fc             Options.manual_wal_flush: 0
2022/09/10-18:55:17.780790 23fc             Options.atomic_flush: 0
2022/09/10-18:55:17.780794 23fc             Options.avoid_unnecessary_blocking_io: 0
2022/09/10-18:55:17.780797 23fc                 Options.persist_stats_to_disk: 0
2022/09/10-18:55:17.780800 23fc                 Options.write_dbid_to_manifest: 0
2022/09/10-18:55:17.780803 23fc                 Options.log_readahead_size: 0
2022/09/10-18:55:17.780807 23fc                 Options.file_checksum_gen_factory: Unknown
2022/09/10-18:55:17.780810 23fc                 Options.best_efforts_recovery: 0
2022/09/10-18:55:17.780813 23fc                Options.max_bgerror_resume_count: 2147483647
2022/09/10-18:55:17.780817 23fc            Options.bgerror_resume_retry_interval: 1000000
2022/09/10-18:55:17.780820 23fc             Options.allow_data_in_errors: 0
2022/09/10-18:55:17.780823 23fc             Options.db_host_id: __hostname__
2022/09/10-18:55:17.780827 23fc             Options.max_background_jobs: 2
2022/09/10-18:55:17.780830 23fc             Options.max_background_compactions: 4
2022/09/10-18:55:17.780833 23fc             Options.max_subcompactions: 1
2022/09/10-18:55:17.780836 23fc             Options.avoid_flush_during_shutdown: 0
2022/09/10-18:55:17.780839 23fc           Options.writable_file_max_buffer_size: 1048576
2022/09/10-18:55:17.780843 23fc             Options.delayed_write_rate : 16777216
2022/09/10-18:55:17.780846 23fc             Options.max_total_wal_size: 0
2022/09/10-18:55:17.780849 23fc             Options.delete_obsolete_files_period_micros: 21600000000
2022/09/10-18:55:17.780853 23fc                   Options.stats_dump_period_sec: 600
2022/09/10-18:55:17.780856 23fc                 Options.stats_persist_period_sec: 600
2022/09/10-18:55:17.780859 23fc                 Options.stats_history_buffer_size: 1048576
2022/09/10-18:55:17.780863 23fc                          Options.max_open_files: 1024
2022/09/10-18:55:17.780866 23fc                          Options.bytes_per_sync: 0
2022/09/10-18:55:17.780869 23fc                      Options.wal_bytes_per_sync: 0
2022/09/10-18:55:17.780873 23fc                   Options.strict_bytes_per_sync: 0
2022/09/10-18:55:17.780876 23fc       Options.compaction_readahead_size: 0
2022/09/10-18:55:17.780879 23fc                  Options.max_background_flushes: -1
2022/09/10-18:55:17.780883 23fc Compression algorithms supported:
2022/09/10-18:55:17.780895 23fc 	kZSTD supported: 1
2022/09/10-18:55:17.780899 23fc 	kSnappyCompression supported: 1
2022/09/10-18:55:17.780922 23fc 	kBZip2Compression supported: 0
2022/09/10-18:55:17.780926 23fc 	kZlibCompression supported: 1
2022/09/10-18:55:17.780930 23fc 	kLZ4Compression supported: 1
2022/09/10-18:55:17.780933 23fc 	kXpressCompression supported: 0
2022/09/10-18:55:17.780936 23fc 	kLZ4HCCompression supported: 1
2022/09/10-18:55:17.780940 23fc 	kZSTDNotFinalCompression supported: 1
2022/09/10-18:55:17.780944 23fc Fast CRC32 supported: Not supported on x86
2022/09/10-18:55:17.782450 23fc [db\version_set.cc:4889] Recovering from manifest file: C:\Users\Admin\Documents\IBFT\Node-4\data\database/MANIFEST-000280
2022/09/10-18:55:17.782978 23fc [db\column_family.cc:607] --------------- Options for column family [default]:
2022/09/10-18:55:17.782991 23fc               Options.comparator: leveldb.BytewiseComparator
2022/09/10-18:55:17.782995 23fc           Options.merge_operator: None
2022/09/10-18:55:17.782998 23fc        Options.compaction_filter: None
2022/09/10-18:55:17.783005 23fc        Options.compaction_filter_factory: None
2022/09/10-18:55:17.783009 23fc  Options.sst_partitioner_factory: None
2022/09/10-18:55:17.783012 23fc         Options.memtable_factory: SkipListFactory
2022/09/10-18:55:17.783016 23fc            Options.table_factory: BlockBasedTable
2022/09/10-18:55:17.783045 23fc            table_factory options:   flush_block_policy_factory: FlushBlockBySizePolicyFactory (0000014E312AA370)
  cache_index_and_filter_blocks: 1
  cache_index_and_filter_blocks_with_high_priority: 1
  pin_l0_filter_and_index_blocks_in_cache: 0
  pin_top_level_index_and_filter: 1
  index_type: 0
  data_block_index_type: 0
  index_shortening: 1
  data_block_hash_table_util_ratio: 0.750000
  hash_index_allow_collision: 1
  checksum: 1
  no_block_cache: 0
  block_cache: 0000014E2FAB97E0
  block_cache_name: LRUCache
  block_cache_options:
    capacity : 134217728
    num_shard_bits : 6
    strict_capacity_limit : 0
    memory_allocator : None
    high_pri_pool_ratio: 0.000
  block_cache_compressed: 0000000000000000
  persistent_cache: 0000000000000000
  block_size: 32768
  block_size_deviation: 10
  block_restart_interval: 16
  index_block_restart_interval: 1
  metadata_block_size: 4096
  partition_filters: 0
  use_delta_encoding: 1
  filter_policy: nullptr
  whole_key_filtering: 1
  verify_compression: 0
  read_amp_bytes_per_bit: 0
  format_version: 5
  enable_index_compression: 1
  block_align: 0
  max_auto_readahead_size: 262144
  prepopulate_block_cache: 0
2022/09/10-18:55:17.783049 23fc        Options.write_buffer_size: 67108864
2022/09/10-18:55:17.783052 23fc  Options.max_write_buffer_number: 2
2022/09/10-18:55:17.783056 23fc          Options.compression: Snappy
2022/09/10-18:55:17.783059 23fc                  Options.bottommost_compression: Disabled
2022/09/10-18:55:17.783063 23fc       Options.prefix_extractor: nullptr
2022/09/10-18:55:17.783066 23fc   Options.memtable_insert_with_hint_prefix_extractor: nullptr
2022/09/10-18:55:17.783069 23fc             Options.num_levels: 7
2022/09/10-18:55:17.783073 23fc        Options.min_write_buffer_number_to_merge: 1
2022/09/10-18:55:17.783076 23fc     Options.max_write_buffer_number_to_maintain: 0
2022/09/10-18:55:17.783079 23fc     Options.max_write_buffer_size_to_maintain: 134217728
2022/09/10-18:55:17.783083 23fc            Options.bottommost_compression_opts.window_bits: -14
2022/09/10-18:55:17.783086 23fc                  Options.bottommost_compression_opts.level: 32767
2022/09/10-18:55:17.783090 23fc               Options.bottommost_compression_opts.strategy: 0
2022/09/10-18:55:17.783094 23fc         Options.bottommost_compression_opts.max_dict_bytes: 0
2022/09/10-18:55:17.783097 23fc         Options.bottommost_compression_opts.zstd_max_train_bytes: 0
2022/09/10-18:55:17.783101 23fc         Options.bottommost_compression_opts.parallel_threads: 1
2022/09/10-18:55:17.783104 23fc                  Options.bottommost_compression_opts.enabled: false
2022/09/10-18:55:17.783108 23fc         Options.bottommost_compression_opts.max_dict_buffer_bytes: 0
2022/09/10-18:55:17.783114 23fc            Options.compression_opts.window_bits: -14
2022/09/10-18:55:17.783118 23fc                  Options.compression_opts.level: 32767
2022/09/10-18:55:17.783122 23fc               Options.compression_opts.strategy: 0
2022/09/10-18:55:17.783125 23fc         Options.compression_opts.max_dict_bytes: 0
2022/09/10-18:55:17.783128 23fc         Options.compression_opts.zstd_max_train_bytes: 0
2022/09/10-18:55:17.783132 23fc         Options.compression_opts.parallel_threads: 1
2022/09/10-18:55:17.783135 23fc                  Options.compression_opts.enabled: false
2022/09/10-18:55:17.783138 23fc         Options.compression_opts.max_dict_buffer_bytes: 0
2022/09/10-18:55:17.783142 23fc      Options.level0_file_num_compaction_trigger: 4
2022/09/10-18:55:17.783145 23fc          Options.level0_slowdown_writes_trigger: 20
2022/09/10-18:55:17.783148 23fc              Options.level0_stop_writes_trigger: 36
2022/09/10-18:55:17.783152 23fc                   Options.target_file_size_base: 67108864
2022/09/10-18:55:17.783155 23fc             Options.target_file_size_multiplier: 1
2022/09/10-18:55:17.783158 23fc                Options.max_bytes_for_level_base: 268435456
2022/09/10-18:55:17.783162 23fc Options.level_compaction_dynamic_level_bytes: 0
2022/09/10-18:55:17.783165 23fc          Options.max_bytes_for_level_multiplier: 10.000000
2022/09/10-18:55:17.783169 23fc Options.max_bytes_for_level_multiplier_addtl[0]: 1
2022/09/10-18:55:17.783173 23fc Options.max_bytes_for_level_multiplier_addtl[1]: 1
2022/09/10-18:55:17.783176 23fc Options.max_bytes_for_level_multiplier_addtl[2]: 1
2022/09/10-18:55:17.783180 23fc Options.max_bytes_for_level_multiplier_addtl[3]: 1
2022/09/10-18:55:17.783183 23fc Options.max_bytes_for_level_multiplier_addtl[4]: 1
2022/09/10-18:55:17.783186 23fc Options.max_bytes_for_level_multiplier_addtl[5]: 1
2022/09/10-18:55:17.783190 23fc Options.max_bytes_for_level_multiplier_addtl[6]: 1
2022/09/10-18:55:17.783193 23fc       Options.max_sequential_skip_in_iterations: 8
2022/09/10-18:55:17.783196 23fc                    Options.max_compaction_bytes: 1677721600
2022/09/10-18:55:17.783200 23fc                        Options.arena_block_size: 1048576
2022/09/10-18:55:17.783203 23fc   Options.soft_pending_compaction_bytes_limit: 68719476736
2022/09/10-18:55:17.783206 23fc   Options.hard_pending_compaction_bytes_limit: 274877906944
2022/09/10-18:55:17.783210 23fc       Options.rate_limit_delay_max_milliseconds: 100
2022/09/10-18:55:17.783213 23fc                Options.disable_auto_compactions: 1
2022/09/10-18:55:17.783217 23fc                        Options.compaction_style: kCompactionStyleLevel
2022/09/10-18:55:17.783221 23fc                          Options.compaction_pri: kMinOverlappingRatio
2022/09/10-18:55:17.783225 23fc Options.compaction_options_universal.size_ratio: 1
2022/09/10-18:55:17.783228 23fc Options.compaction_options_universal.min_merge_width: 2
2022/09/10-18:55:17.783231 23fc Options.compaction_options_universal.max_merge_width: 4294967295
2022/09/10-18:55:17.783235 23fc Options.compaction_options_universal.max_size_amplification_percent: 200
2022/09/10-18:55:17.783238 23fc Options.compaction_options_universal.compression_size_percent: -1
2022/09/10-18:55:17.783243 23fc Options.compaction_options_universal.stop_style: kCompactionStopStyleTotalSize
2022/09/10-18:55:17.783247 23fc Options.compaction_options_fifo.max_table_files_size: 1073741824
2022/09/10-18:55:17.783250 23fc Options.compaction_options_fifo.allow_compaction: 0
2022/09/10-18:55:17.783255 23fc                   Options.table_properties_collectors: 
2022/09/10-18:55:17.783259 23fc                   Options.inplace_update_support: 0
2022/09/10-18:55:17.783262 23fc                 Options.inplace_update_num_locks: 10000
2022/09/10-18:55:17.783266 23fc               Options.memtable_prefix_bloom_size_ratio: 0.000000
2022/09/10-18:55:17.783269 23fc               Options.memtable_whole_key_filtering: 0
2022/09/10-18:55:17.783273 23fc   Options.memtable_huge_page_size: 0
2022/09/10-18:55:17.783276 23fc                           Options.bloom_locality: 0
2022/09/10-18:55:17.783321 23fc                    Options.max_successive_merges: 0
2022/09/10-18:55:17.783325 23fc                Options.optimize_filters_for_hits: 0
2022/09/10-18:55:17.783329 23fc                Options.paranoid_file_checks: 0
2022/09/10-18:55:17.783332 23fc                Options.force_consistency_checks: 1
2022/09/10-18:55:17.783336 23fc                Options.report_bg_io_stats: 0
2022/09/10-18:55:17.783339 23fc                               Options.ttl: 0
2022/09/10-18:55:17.783342 23fc          Options.periodic_compaction_seconds: 0
2022/09/10-18:55:17.783346 23fc                       Options.enable_blob_files: false
2022/09/10-18:55:17.783349 23fc                           Options.min_blob_size: 0
2022/09/10-18:55:17.783352 23fc                          Options.blob_file_size: 268435456
2022/09/10-18:55:17.783356 23fc                   Options.blob_compression_type: NoCompression
2022/09/10-18:55:17.783359 23fc          Options.enable_blob_garbage_collection: false
2022/09/10-18:55:17.783363 23fc      Options.blob_garbage_collection_age_cutoff: 0.250000
2022/09/10-18:55:17.783367 23fc Options.blob_garbage_collection_force_threshold: 1.000000
2022/09/10-18:55:17.783371 23fc          Options.blob_compaction_readahead_size: 0
2022/09/10-18:55:17.783918 23fc [db\column_family.cc:607] --------------- Options for column family []:
2022/09/10-18:55:17.783928 23fc               Options.comparator: leveldb.BytewiseComparator
2022/09/10-18:55:17.783931 23fc           Options.merge_operator: None
2022/09/10-18:55:17.783935 23fc        Options.compaction_filter: None
2022/09/10-18:55:17.783938 23fc        Options.compaction_filter_factory: None
2022/09/10-18:55:17.783941 23fc  Options.sst_partitioner_factory: None
2022/09/10-18:55:17.783945 23fc         Options.memtable_factory: SkipListFactory
2022/09/10-18:55:17.783948 23fc            Options.table_factory: BlockBasedTable
2022/09/10-18:55:17.783969 23fc            table_factory options:   flush_block_policy_factory: FlushBlockBySizePolicyFactory (0000014E312AA700)
  cache_index_and_filter_blocks: 1
  cache_index_and_filter_blocks_with_high_priority: 1
  pin_l0_filter_and_index_blocks_in_cache: 0
  pin_top_level_index_and_filter: 1
  index_type: 0
  data_block_index_type: 0
  index_shortening: 1
  data_block_hash_table_util_ratio: 0.750000
  hash_index_allow_collision: 1
  checksum: 1
  no_block_cache: 0
  block_cache: 0000014E2FABB220
  block_cache_name: LRUCache
  block_cache_options:
    capacity : 134217728
    num_shard_bits : 6
    strict_capacity_limit : 0
    memory_allocator : None
    high_pri_pool_ratio: 0.000
  block_cache_compressed: 0000000000000000
  persistent_cache: 0000000000000000
  block_size: 32768
  block_size_deviation: 10
  block_restart_interval: 16
  index_block_restart_interval: 1
  metadata_block_size: 4096
  partition_filters: 0
  use_delta_encoding: 1
  filter_policy: nullptr
  whole_key_filtering: 1
  verify_compression: 0
  read_amp_bytes_per_bit: 0
  format_version: 5
  enable_index_compression: 1
  block_align: 0
  max_auto_readahead_size: 262144
  prepopulate_block_cache: 0
2022/09/10-18:55:17.783972 23fc        Options.write_buffer_size: 67108864
2022/09/10-18:55:17.783976 23fc  Options.max_write_buffer_number: 2
2022/09/10-18:55:17.783979 23fc          Options.compression: Snappy
2022/09/10-18:55:17.783983 23fc                  Options.bottommost_compression: Disabled
2022/09/10-18:55:17.783986 23fc       Options.prefix_extractor: nullptr
2022/09/10-18:55:17.783989 23fc   Options.memtable_insert_with_hint_prefix_extractor: nullptr
2022/09/10-18:55:17.783993 23fc             Options.num_levels: 7
2022/09/10-18:55:17.783996 23fc        Options.min_write_buffer_number_to_merge: 1
2022/09/10-18:55:17.783999 23fc     Options.max_write_buffer_number_to_maintain: 0
2022/09/10-18:55:17.784003 23fc     Options.max_write_buffer_size_to_maintain: 134217728
2022/09/10-18:55:17.784006 23fc            Options.bottommost_compression_opts.window_bits: -14
2022/09/10-18:55:17.784010 23fc                  Options.bottommost_compression_opts.level: 32767
2022/09/10-18:55:17.784015 23fc               Options.bottommost_compression_opts.strategy: 0
2022/09/10-18:55:17.784029 23fc         Options.bottommost_compression_opts.max_dict_bytes: 0
2022/09/10-18:55:17.784032 23fc         Options.bottommost_compression_opts.zstd_max_train_bytes: 0
2022/09/10-18:55:17.784036 23fc         Options.bottommost_compression_opts.parallel_threads: 1
2022/09/10-18:55:17.784039 23fc                  Options.bottommost_compression_opts.enabled: false
2022/09/10-18:55:17.784043 23fc         Options.bottommost_compression_opts.max_dict_buffer_bytes: 0
2022/09/10-18:55:17.784046 23fc            Options.compression_opts.window_bits: -14
2022/09/10-18:55:17.784050 23fc                  Options.compression_opts.level: 32767
2022/09/10-18:55:17.784053 23fc               Options.compression_opts.strategy: 0
2022/09/10-18:55:17.784056 23fc         Options.compression_opts.max_dict_bytes: 0
2022/09/10-18:55:17.784060 23fc         Options.compression_opts.zstd_max_train_bytes: 0
2022/09/10-18:55:17.784063 23fc         Options.compression_opts.parallel_threads: 1
2022/09/10-18:55:17.784066 23fc                  Options.compression_opts.enabled: false
2022/09/10-18:55:17.784070 23fc         Options.compression_opts.max_dict_buffer_bytes: 0
2022/09/10-18:55:17.784073 23fc      Options.level0_file_num_compaction_trigger: 4
2022/09/10-18:55:17.784077 23fc          Options.level0_slowdown_writes_trigger: 20
2022/09/10-18:55:17.784080 23fc              Options.level0_stop_writes_trigger: 36
2022/09/10-18:55:17.784083 23fc                   Options.target_file_size_base: 67108864
2022/09/10-18:55:17.784087 23fc             Options.target_file_size_multiplier: 1
2022/09/10-18:55:17.784090 23fc                Options.max_bytes_for_level_base: 268435456
2022/09/10-18:55:17.784094 23fc Options.level_compaction_dynamic_level_bytes: 0
2022/09/10-18:55:17.784097 23fc          Options.max_bytes_for_level_multiplier: 10.000000
2022/09/10-18:55:17.784101 23fc Options.max_bytes_for_level_multiplier_addtl[0]: 1
2022/09/10-18:55:17.784105 23fc Options.max_bytes_for_level_multiplier_addtl[1]: 1
2022/09/10-18:55:17.784108 23fc Options.max_bytes_for_level_multiplier_addtl[2]: 1
2022/09/10-18:55:17.784111 23fc Options.max_bytes_for_level_multiplier_addtl[3]: 1
2022/09/10-18:55:17.784115 23fc Options.max_bytes_for_level_multiplier_addtl[4]: 1
2022/09/10-18:55:17.784118 23fc Options.max_bytes_for_level_multiplier_addtl[5]: 1
2022/09/10-18:55:17.784121 23fc Options.max_bytes_for_level_multiplier_addtl[6]: 1
2022/09/10-18:55:17.784125 23fc       Options.max_sequential_skip_in_iterations: 8
2022/09/10-18:55:17.784128 23fc                    Options.max_compaction_bytes: 1677721600
2022/09/10-18:55:17.784133 23fc                        Options.arena_block_size: 1048576
2022/09/10-18:55:17.784136 23fc   Options.soft_pending_compaction_bytes_limit: 68719476736
2022/09/10-18:55:17.784139 23fc   Options.hard_pending_compaction_bytes_limit: 274877906944
2022/09/10-18:55:17.784142 23fc       Options.rate_limit_delay_max_milliseconds: 100
2022/09/10-18:55:17.784145 23fc                Options.disable_auto_compactions: 1
2022/09/10-18:55:17.784149 23fc                        Options.compaction_style: kCompactionStyleLevel
2022/09/10-18:55:17.784152 23fc                          Options.compaction_pri: kMinOverlappingRatio
2022/09/10-18:55:17.784155 23fc Options.compaction_options_universal.size_ratio: 1
2022/09/10-18:55:17.784158 23fc Options.compaction_options_universal.min_merge_width: 2
2022/09/10-18:55:17.784161 23fc Options.compaction_options_universal.max_merge_width: 4294967295
2022/09/10-18:55:17.784165 23fc Options.compaction_options_universal.max_size_amplification_percent: 200
2022/09/10-18:55:17.784168 23fc Options.compaction_options_universal.compression_size_percent: -1
2022/09/10-18:55:17.784172 23fc Options.compaction_options_universal.stop_style: kCompactionStopStyleTotalSize
2022/09/10-18:55:17.784175 23fc Options.compaction_options_fifo.max_table_files_size: 1073741824
2022/09/10-18:55:17.784179 23fc Options.compaction_options_fifo.allow_compaction: 0
2022/09/10-18:55:17.784184 23fc                   Options.table_properties_collectors: 
2022/09/10-18:55:17.784187 23fc                   Options.inplace_update_support: 0
2022/09/10-18:55:17.784190 23fc                 Options.inplace_update_num_locks: 10000
2022/09/10-18:55:17.784193 23fc               Options.memtable_prefix_bloom_size_ratio: 0.000000
2022/09/10-18:55:17.784197 23fc               Options.memtable_whole_key_filtering: 0
2022/09/10-18:55:17.784200 23fc   Options.memtable_huge_page_size: 0
2022/09/10-18:55:17.784203 23fc                           Options.bloom_locality: 0
2022/09/10-18:55:17.784206 23fc                    Options.max_successive_merges: 0
2022/09/10-18:55:17.784209 23fc                Options.optimize_filters_for_hits: 0
2022/09/10-18:55:17.784212 23fc                Options.paranoid_file_checks: 0
2022/09/10-18:55:17.784215 23fc                Options.force_consistency_checks: 1
2022/09/10-18:55:17.784218 23fc                Options.report_bg_io_stats: 0
2022/09/10-18:55:17.784221 23fc                               Options.ttl: 0
2022/09/10-18:55:17.784224 23fc          Options.periodic_compaction_seconds: 0
2022/09/10-18:55:17.784227 23fc                       Options.enable_blob_files: false
2022/09/10-18:55:17.784230 23fc                           Options.min_blob_size: 0
2022/09/10-18:55:17.784234 23fc                          Options.blob_file_size: 268435456
2022/09/10-18:55:17.784237 23fc                   Options.blob_compression_type: NoCompression
2022/09/10-18:55:17.784240 23fc          Options.enable_blob_garbage_collection: false
2022/09/10-18:55:17.784243 23fc      Options.blob_garbage_collection_age_cutoff: 0.250000
2022/09/10-18:55:17.784247 23fc Options.blob_garbage_collection_force_threshold: 1.000000
2022/09/10-18:55:17.784250 23fc          Options.blob_compaction_readahead_size: 0
2022/09/10-18:55:17.784324 23fc [db\column_family.cc:607] --------------- Options for column family []:
2022/09/10-18:55:17.784330 23fc               Options.comparator: leveldb.BytewiseComparator
2022/09/10-18:55:17.784333 23fc           Options.merge_operator: None
2022/09/10-18:55:17.784336 23fc        Options.compaction_filter: None
2022/09/10-18:55:17.784339 23fc        Options.compaction_filter_factory: None
2022/09/10-18:55:17.784342 23fc  Options.sst_partitioner_factory: None
2022/09/10-18:55:17.784345 23fc         Options.memtable_factory: SkipListFactory
2022/09/10-18:55:17.784348 23fc            Options.table_factory: BlockBasedTable
2022/09/10-18:55:17.784365 23fc            table_factory options:   flush_block_policy_factory: FlushBlockBySizePolicyFactory (0000014E312AA040)
  cache_index_and_filter_blocks: 1
  cache_index_and_filter_blocks_with_high_priority: 1
  pin_l0_filter_and_index_blocks_in_cache: 0
  pin_top_level_index_and_filter: 1
  index_type: 0
  data_block_index_type: 0
  index_shortening: 1
  data_block_hash_table_util_ratio: 0.750000
  hash_index_allow_collision: 1
  checksum: 1
  no_block_cache: 0
  block_cache: 0000014E2FABA560
  block_cache_name: LRUCache
  block_cache_options:
    capacity : 134217728
    num_shard_bits : 6
    strict_capacity_limit : 0
    memory_allocator : None
    high_pri_pool_ratio: 0.000
  block_cache_compressed: 0000000000000000
  persistent_cache: 0000000000000000
  block_size: 32768
  block_size_deviation: 10
  block_restart_interval: 16
  index_block_restart_interval: 1
  metadata_block_size: 4096
  partition_filters: 0
  use_delta_encoding: 1
  filter_policy: nullptr
  whole_key_filtering: 1
  verify_compression: 0
  read_amp_bytes_per_bit: 0
  format_version: 5
  enable_index_compression: 1
  block_align: 0
  max_auto_readahead_size: 262144
  prepopulate_block_cache: 0
2022/09/10-18:55:17.784368 23fc        Options.write_buffer_size: 67108864
2022/09/10-18:55:17.784371 23fc  Options.max_write_buffer_number: 2
2022/09/10-18:55:17.784375 23fc          Options.compression: Snappy
2022/09/10-18:55:17.784378 23fc                  Options.bottommost_compression: Disabled
2022/09/10-18:55:17.784382 23fc       Options.prefix_extractor: nullptr
2022/09/10-18:55:17.784385 23fc   Options.memtable_insert_with_hint_prefix_extractor: nullptr
2022/09/10-18:55:17.784388 23fc             Options.num_levels: 7
2022/09/10-18:55:17.784391 23fc        Options.min_write_buffer_number_to_merge: 1
2022/09/10-18:55:17.784395 23fc     Options.max_write_buffer_number_to_maintain: 0
2022/09/10-18:55:17.784398 23fc     Options.max_write_buffer_size_to_maintain: 134217728
2022/09/10-18:55:17.784401 23fc            Options.bottommost_compression_opts.window_bits: -14
2022/09/10-18:55:17.784404 23fc                  Options.bottommost_compression_opts.level: 32767
2022/09/10-18:55:17.784407 23fc               Options.bottommost_compression_opts.strategy: 0
2022/09/10-18:55:17.784410 23fc         Options.bottommost_compression_opts.max_dict_bytes: 0
2022/09/10-18:55:17.784413 23fc         Options.bottommost_compression_opts.zstd_max_train_bytes: 0
2022/09/10-18:55:17.784416 23fc         Options.bottommost_compression_opts.parallel_threads: 1
2022/09/10-18:55:17.784420 23fc                  Options.bottommost_compression_opts.enabled: false
2022/09/10-18:55:17.784423 23fc         Options.bottommost_compression_opts.max_dict_buffer_bytes: 0
2022/09/10-18:55:17.784426 23fc            Options.compression_opts.window_bits: -14
2022/09/10-18:55:17.784429 23fc                  Options.compression_opts.level: 32767
2022/09/10-18:55:17.784432 23fc               Options.compression_opts.strategy: 0
2022/09/10-18:55:17.784435 23fc         Options.compression_opts.max_dict_bytes: 0
2022/09/10-18:55:17.784438 23fc         Options.compression_opts.zstd_max_train_bytes: 0
2022/09/10-18:55:17.784441 23fc         Options.compression_opts.parallel_threads: 1
2022/09/10-18:55:17.784444 23fc                  Options.compression_opts.enabled: false
2022/09/10-18:55:17.784447 23fc         Options.compression_opts.max_dict_buffer_bytes: 0
2022/09/10-18:55:17.784450 23fc      Options.level0_file_num_compaction_trigger: 4
2022/09/10-18:55:17.784453 23fc          Options.level0_slowdown_writes_trigger: 20
2022/09/10-18:55:17.784456 23fc              Options.level0_stop_writes_trigger: 36
2022/09/10-18:55:17.784459 23fc                   Options.target_file_size_base: 67108864
2022/09/10-18:55:17.784463 23fc             Options.target_file_size_multiplier: 1
2022/09/10-18:55:17.784466 23fc                Options.max_bytes_for_level_base: 268435456
2022/09/10-18:55:17.784469 23fc Options.level_compaction_dynamic_level_bytes: 0
2022/09/10-18:55:17.784472 23fc          Options.max_bytes_for_level_multiplier: 10.000000
2022/09/10-18:55:17.784475 23fc Options.max_bytes_for_level_multiplier_addtl[0]: 1
2022/09/10-18:55:17.784478 23fc Options.max_bytes_for_level_multiplier_addtl[1]: 1
2022/09/10-18:55:17.784481 23fc Options.max_bytes_for_level_multiplier_addtl[2]: 1
2022/09/10-18:55:17.784484 23fc Options.max_bytes_for_level_multiplier_addtl[3]: 1
2022/09/10-18:55:17.784487 23fc Options.max_bytes_for_level_multiplier_addtl[4]: 1
2022/09/10-18:55:17.784490 23fc Options.max_bytes_for_level_multiplier_addtl[5]: 1
2022/09/10-18:55:17.784493 23fc Options.max_bytes_for_level_multiplier_addtl[6]: 1
2022/09/10-18:55:17.784496 23fc       Options.max_sequential_skip_in_iterations: 8
2022/09/10-18:55:17.784499 23fc                    Options.max_compaction_bytes: 1677721600
2022/09/10-18:55:17.784503 23fc                        Options.arena_block_size: 1048576
2022/09/10-18:55:17.784506 23fc   Options.soft_pending_compaction_bytes_limit: 68719476736
2022/09/10-18:55:17.784509 23fc   Options.hard_pending_compaction_bytes_limit: 274877906944
2022/09/10-18:55:17.784512 23fc       Options.rate_limit_delay_max_milliseconds: 100
2022/09/10-18:55:17.784515 23fc                Options.disable_auto_compactions: 1
2022/09/10-18:55:17.784518 23fc                        Options.compaction_style: kCompactionStyleLevel
2022/09/10-18:55:17.784521 23fc                          Options.compaction_pri: kMinOverlappingRatio
2022/09/10-18:55:17.784524 23fc Options.compaction_options_universal.size_ratio: 1
2022/09/10-18:55:17.784560 23fc Options.compaction_options_universal.min_merge_width: 2
2022/09/10-18:55:17.784564 23fc Options.compaction_options_universal.max_merge_width: 4294967295
2022/09/10-18:55:17.784568 23fc Options.compaction_options_universal.max_size_amplification_percent: 200
2022/09/10-18:55:17.784571 23fc Options.compaction_options_universal.compression_size_percent: -1
2022/09/10-18:55:17.784574 23fc Options.compaction_options_universal.stop_style: kCompactionStopStyleTotalSize
2022/09/10-18:55:17.784578 23fc Options.compaction_options_fifo.max_table_files_size: 1073741824
2022/09/10-18:55:17.784581 23fc Options.compaction_options_fifo.allow_compaction: 0
2022/09/10-18:55:17.784584 23fc                   Options.table_properties_collectors: 
2022/09/10-18:55:17.784588 23fc                   Options.inplace_update_support: 0
2022/09/10-18:55:17.784591 23fc                 Options.inplace_update_num_locks: 10000
2022/09/10-18:55:17.784594 23fc               Options.memtable_prefix_bloom_size_ratio: 0.000000
2022/09/10-18:55:17.784597 23fc               Options.memtable_whole_key_filtering: 0
2022/09/10-18:55:17.784600 23fc   Options.memtable_huge_page_size: 0
2022/09/10-18:55:17.784603 23fc                           Options.bloom_locality: 0
2022/09/10-18:55:17.784606 23fc                    Options.max_successive_merges: 0
2022/09/10-18:55:17.784609 23fc                Options.optimize_filters_for_hits: 0
2022/09/10-18:55:17.784612 23fc                Options.paranoid_file_checks: 0
2022/09/10-18:55:17.784615 23fc                Options.force_consistency_checks: 1
2022/09/10-18:55:17.784618 23fc                Options.report_bg_io_stats: 0
2022/09/10-18:55:17.784621 23fc                               Options.ttl: 0
2022/09/10-18:55:17.784624 23fc          Options.periodic_compaction_seconds: 0
2022/09/10-18:55:17.784627 23fc                       Options.enable_blob_files: false
2022/09/10-18:55:17.784630 23fc                           Options.min_blob_size: 0
2022/09/10-18:55:17.784634 23fc                          Options.blob_file_size: 268435456
2022/09/10-18:55:17.784637 23fc                   Options.blob_compression_type: NoCompression
2022/09/10-18:55:17.784640 23fc          Options.enable_blob_garbage_collection: false
2022/09/10-18:55:17.784643 23fc      Options.blob_garbage_collection_age_cutoff: 0.250000
2022/09/10-18:55:17.784647 23fc Options.blob_garbage_collection_force_threshold: 1.000000
2022/09/10-18:55:17.784650 23fc          Options.blob_compaction_readahead_size: 0
2022/09/10-18:55:17.784690 23fc [db\column_family.cc:607] --------------- Options for column family []:
2022/09/10-18:55:17.784695 23fc               Options.comparator: leveldb.BytewiseComparator
2022/09/10-18:55:17.784698 23fc           Options.merge_operator: None
2022/09/10-18:55:17.784701 23fc        Options.compaction_filter: None
2022/09/10-18:55:17.784704 23fc        Options.compaction_filter_factory: None
2022/09/10-18:55:17.784707 23fc  Options.sst_partitioner_factory: None
2022/09/10-18:55:17.784710 23fc         Options.memtable_factory: SkipListFactory
2022/09/10-18:55:17.784713 23fc            Options.table_factory: BlockBasedTable
2022/09/10-18:55:17.784731 23fc            table_factory options:   flush_block_policy_factory: FlushBlockBySizePolicyFactory (0000014E312A9D70)
  cache_index_and_filter_blocks: 1
  cache_index_and_filter_blocks_with_high_priority: 1
  pin_l0_filter_and_index_blocks_in_cache: 0
  pin_top_level_index_and_filter: 1
  index_type: 0
  data_block_index_type: 0
  index_shortening: 1
  data_block_hash_table_util_ratio: 0.750000
  hash_index_allow_collision: 1
  checksum: 1
  no_block_cache: 0
  block_cache: 0000014E2FABBD60
  block_cache_name: LRUCache
  block_cache_options:
    capacity : 134217728
    num_shard_bits : 6
    strict_capacity_limit : 0
    memory_allocator : None
    high_pri_pool_ratio: 0.000
  block_cache_compressed: 0000000000000000
  persistent_cache: 0000000000000000
  block_size: 32768
  block_size_deviation: 10
  block_restart_interval: 16
  index_block_restart_interval: 1
  metadata_block_size: 4096
  partition_filters: 0
  use_delta_encoding: 1
  filter_policy: nullptr
  whole_key_filtering: 1
  verify_compression: 0
  read_amp_bytes_per_bit: 0
  format_version: 5
  enable_index_compression: 1
  block_align: 0
  max_auto_readahead_size: 262144
  prepopulate_block_cache: 0
2022/09/10-18:55:17.784736 23fc        Options.write_buffer_size: 67108864
2022/09/10-18:55:17.784741 23fc  Options.max_write_buffer_number: 2
2022/09/10-18:55:17.784744 23fc          Options.compression: Snappy
2022/09/10-18:55:17.784747 23fc                  Options.bottommost_compression: Disabled
2022/09/10-18:55:17.784750 23fc       Options.prefix_extractor: nullptr
2022/09/10-18:55:17.784753 23fc   Options.memtable_insert_with_hint_prefix_extractor: nullptr
2022/09/10-18:55:17.784756 23fc             Options.num_levels: 7
2022/09/10-18:55:17.784759 23fc        Options.min_write_buffer_number_to_merge: 1
2022/09/10-18:55:17.784762 23fc     Options.max_write_buffer_number_to_maintain: 0
2022/09/10-18:55:17.784765 23fc     Options.max_write_buffer_size_to_maintain: 134217728
2022/09/10-18:55:17.784768 23fc            Options.bottommost_compression_opts.window_bits: -14
2022/09/10-18:55:17.784772 23fc                  Options.bottommost_compression_opts.level: 32767
2022/09/10-18:55:17.784775 23fc               Options.bottommost_compression_opts.strategy: 0
2022/09/10-18:55:17.784778 23fc         Options.bottommost_compression_opts.max_dict_bytes: 0
2022/09/10-18:55:17.784781 23fc         Options.bottommost_compression_opts.zstd_max_train_bytes: 0
2022/09/10-18:55:17.784785 23fc         Options.bottommost_compression_opts.parallel_threads: 1
2022/09/10-18:55:17.784788 23fc                  Options.bottommost_compression_opts.enabled: false
2022/09/10-18:55:17.784791 23fc         Options.bottommost_compression_opts.max_dict_buffer_bytes: 0
2022/09/10-18:55:17.784794 23fc            Options.compression_opts.window_bits: -14
2022/09/10-18:55:17.784797 23fc                  Options.compression_opts.level: 32767
2022/09/10-18:55:17.784800 23fc               Options.compression_opts.strategy: 0
2022/09/10-18:55:17.784804 23fc         Options.compression_opts.max_dict_bytes: 0
2022/09/10-18:55:17.784807 23fc         Options.compression_opts.zstd_max_train_bytes: 0
2022/09/10-18:55:17.784810 23fc         Options.compression_opts.parallel_threads: 1
2022/09/10-18:55:17.784813 23fc                  Options.compression_opts.enabled: false
2022/09/10-18:55:17.784822 23fc         Options.compression_opts.max_dict_buffer_bytes: 0
2022/09/10-18:55:17.784825 23fc      Options.level0_file_num_compaction_trigger: 4
2022/09/10-18:55:17.784828 23fc          Options.level0_slowdown_writes_trigger: 20
2022/09/10-18:55:17.784832 23fc              Options.level0_stop_writes_trigger: 36
2022/09/10-18:55:17.784835 23fc                   Options.target_file_size_base: 67108864
2022/09/10-18:55:17.784838 23fc             Options.target_file_size_multiplier: 1
