2022/09/06-16:58:12.269462 17a4 RocksDB version: 6.29.5
2022/09/06-16:58:12.269579 17a4 Git sha da11a59034584ea2d0911268b8136e5249d6b692
2022/09/06-16:58:12.269598 17a4 Compile date 2022-03-30 20:36:34
2022/09/06-16:58:12.269623 17a4 DB SUMMARY
2022/09/06-16:58:12.269638 17a4 DB Session ID:  Q1J5CMYF3CTO4E4KAJB1
2022/09/06-16:58:12.272406 17a4 CURRENT file:  CURRENT
2022/09/06-16:58:12.272445 17a4 IDENTITY file:  IDENTITY
2022/09/06-16:58:12.272601 17a4 MANIFEST file:  MANIFEST-000004 size: 682 Bytes
2022/09/06-16:58:12.272615 17a4 SST files in C:\Users\Admin\Documents\IBFT\Node-4\data\database dir, Total Num: 0, files: 
2022/09/06-16:58:12.272625 17a4 Write Ahead Log file in C:\Users\Admin\Documents\IBFT\Node-4\data\database: 000005.log size: 61805 ; 
2022/09/06-16:58:12.272878 17a4                         Options.error_if_exists: 0
2022/09/06-16:58:12.272890 17a4                       Options.create_if_missing: 1
2022/09/06-16:58:12.272895 17a4                         Options.paranoid_checks: 1
2022/09/06-16:58:12.272899 17a4             Options.flush_verify_memtable_count: 1
2022/09/06-16:58:12.272903 17a4                               Options.track_and_verify_wals_in_manifest: 0
2022/09/06-16:58:12.272906 17a4                                     Options.env: 0000015B303200C0
2022/09/06-16:58:12.272910 17a4                                      Options.fs: WinFS
2022/09/06-16:58:12.272914 17a4                                Options.info_log: 0000015B2FF5EB20
2022/09/06-16:58:12.272918 17a4                Options.max_file_opening_threads: 16
2022/09/06-16:58:12.272921 17a4                              Options.statistics: 0000015B2F35F4B0
2022/09/06-16:58:12.272925 17a4                               Options.use_fsync: 0
2022/09/06-16:58:12.272929 17a4                       Options.max_log_file_size: 0
2022/09/06-16:58:12.272932 17a4                  Options.max_manifest_file_size: 1073741824
2022/09/06-16:58:12.272936 17a4                   Options.log_file_time_to_roll: 0
2022/09/06-16:58:12.272939 17a4                       Options.keep_log_file_num: 1000
2022/09/06-16:58:12.272943 17a4                    Options.recycle_log_file_num: 0
2022/09/06-16:58:12.272946 17a4                         Options.allow_fallocate: 1
2022/09/06-16:58:12.272950 17a4                        Options.allow_mmap_reads: 0
2022/09/06-16:58:12.272954 17a4                       Options.allow_mmap_writes: 0
2022/09/06-16:58:12.272957 17a4                        Options.use_direct_reads: 0
2022/09/06-16:58:12.272961 17a4                        Options.use_direct_io_for_flush_and_compaction: 0
2022/09/06-16:58:12.272965 17a4          Options.create_missing_column_families: 1
2022/09/06-16:58:12.272969 17a4                              Options.db_log_dir: 
2022/09/06-16:58:12.272972 17a4                                 Options.wal_dir: 
2022/09/06-16:58:12.272976 17a4                Options.table_cache_numshardbits: 6
2022/09/06-16:58:12.272979 17a4                         Options.WAL_ttl_seconds: 0
2022/09/06-16:58:12.272983 17a4                       Options.WAL_size_limit_MB: 0
2022/09/06-16:58:12.272987 17a4                        Options.max_write_batch_group_size_bytes: 1048576
2022/09/06-16:58:12.272991 17a4             Options.manifest_preallocation_size: 4194304
2022/09/06-16:58:12.272994 17a4                     Options.is_fd_close_on_exec: 1
2022/09/06-16:58:12.272998 17a4                   Options.advise_random_on_open: 1
2022/09/06-16:58:12.273001 17a4                   Options.experimental_mempurge_threshold: 0.000000
2022/09/06-16:58:12.273007 17a4                    Options.db_write_buffer_size: 0
2022/09/06-16:58:12.273010 17a4                    Options.write_buffer_manager: 0000015B31AA55F0
2022/09/06-16:58:12.273014 17a4         Options.access_hint_on_compaction_start: 1
2022/09/06-16:58:12.273017 17a4  Options.new_table_reader_for_compaction_inputs: 0
2022/09/06-16:58:12.273021 17a4           Options.random_access_max_buffer_size: 1048576
2022/09/06-16:58:12.273024 17a4                      Options.use_adaptive_mutex: 0
2022/09/06-16:58:12.273028 17a4                            Options.rate_limiter: 0000000000000000
2022/09/06-16:58:12.273059 17a4     Options.sst_file_manager.rate_bytes_per_sec: 0
2022/09/06-16:58:12.273066 17a4                       Options.wal_recovery_mode: 2
2022/09/06-16:58:12.273070 17a4                  Options.enable_thread_tracking: 0
2022/09/06-16:58:12.273073 17a4                  Options.enable_pipelined_write: 0
2022/09/06-16:58:12.273077 17a4                  Options.unordered_write: 0
2022/09/06-16:58:12.273080 17a4         Options.allow_concurrent_memtable_write: 1
2022/09/06-16:58:12.273084 17a4      Options.enable_write_thread_adaptive_yield: 1
2022/09/06-16:58:12.273087 17a4             Options.write_thread_max_yield_usec: 100
2022/09/06-16:58:12.273091 17a4            Options.write_thread_slow_yield_usec: 3
2022/09/06-16:58:12.273095 17a4                               Options.row_cache: None
2022/09/06-16:58:12.273098 17a4                              Options.wal_filter: None
2022/09/06-16:58:12.273102 17a4             Options.avoid_flush_during_recovery: 0
2022/09/06-16:58:12.273105 17a4             Options.allow_ingest_behind: 0
2022/09/06-16:58:12.273112 17a4             Options.preserve_deletes: 0
2022/09/06-16:58:12.273115 17a4             Options.two_write_queues: 0
2022/09/06-16:58:12.273119 17a4             Options.manual_wal_flush: 0
2022/09/06-16:58:12.273122 17a4             Options.atomic_flush: 0
2022/09/06-16:58:12.273126 17a4             Options.avoid_unnecessary_blocking_io: 0
2022/09/06-16:58:12.273129 17a4                 Options.persist_stats_to_disk: 0
2022/09/06-16:58:12.273133 17a4                 Options.write_dbid_to_manifest: 0
2022/09/06-16:58:12.273136 17a4                 Options.log_readahead_size: 0
2022/09/06-16:58:12.273140 17a4                 Options.file_checksum_gen_factory: Unknown
2022/09/06-16:58:12.273143 17a4                 Options.best_efforts_recovery: 0
2022/09/06-16:58:12.273147 17a4                Options.max_bgerror_resume_count: 2147483647
2022/09/06-16:58:12.273151 17a4            Options.bgerror_resume_retry_interval: 1000000
2022/09/06-16:58:12.273154 17a4             Options.allow_data_in_errors: 0
2022/09/06-16:58:12.273158 17a4             Options.db_host_id: __hostname__
2022/09/06-16:58:12.273161 17a4             Options.max_background_jobs: 2
2022/09/06-16:58:12.273165 17a4             Options.max_background_compactions: 4
2022/09/06-16:58:12.273168 17a4             Options.max_subcompactions: 1
2022/09/06-16:58:12.273171 17a4             Options.avoid_flush_during_shutdown: 0
2022/09/06-16:58:12.273175 17a4           Options.writable_file_max_buffer_size: 1048576
2022/09/06-16:58:12.273178 17a4             Options.delayed_write_rate : 16777216
2022/09/06-16:58:12.273182 17a4             Options.max_total_wal_size: 0
2022/09/06-16:58:12.273185 17a4             Options.delete_obsolete_files_period_micros: 21600000000
2022/09/06-16:58:12.273189 17a4                   Options.stats_dump_period_sec: 600
2022/09/06-16:58:12.273193 17a4                 Options.stats_persist_period_sec: 600
2022/09/06-16:58:12.273196 17a4                 Options.stats_history_buffer_size: 1048576
2022/09/06-16:58:12.273200 17a4                          Options.max_open_files: 1024
2022/09/06-16:58:12.273203 17a4                          Options.bytes_per_sync: 0
2022/09/06-16:58:12.273207 17a4                      Options.wal_bytes_per_sync: 0
2022/09/06-16:58:12.273210 17a4                   Options.strict_bytes_per_sync: 0
2022/09/06-16:58:12.273214 17a4       Options.compaction_readahead_size: 0
2022/09/06-16:58:12.273217 17a4                  Options.max_background_flushes: -1
2022/09/06-16:58:12.273221 17a4 Compression algorithms supported:
2022/09/06-16:58:12.273235 17a4 	kZSTD supported: 1
2022/09/06-16:58:12.273239 17a4 	kSnappyCompression supported: 1
2022/09/06-16:58:12.273243 17a4 	kBZip2Compression supported: 0
2022/09/06-16:58:12.273246 17a4 	kZlibCompression supported: 1
2022/09/06-16:58:12.273250 17a4 	kLZ4Compression supported: 1
2022/09/06-16:58:12.273253 17a4 	kXpressCompression supported: 0
2022/09/06-16:58:12.273278 17a4 	kLZ4HCCompression supported: 1
2022/09/06-16:58:12.273282 17a4 	kZSTDNotFinalCompression supported: 1
2022/09/06-16:58:12.273287 17a4 Fast CRC32 supported: Not supported on x86
2022/09/06-16:58:12.275122 17a4 [db\version_set.cc:4889] Recovering from manifest file: C:\Users\Admin\Documents\IBFT\Node-4\data\database/MANIFEST-000004
2022/09/06-16:58:12.275369 17a4 [db\column_family.cc:607] --------------- Options for column family [default]:
2022/09/06-16:58:12.275380 17a4               Options.comparator: leveldb.BytewiseComparator
2022/09/06-16:58:12.275383 17a4           Options.merge_operator: None
2022/09/06-16:58:12.275387 17a4        Options.compaction_filter: None
2022/09/06-16:58:12.275393 17a4        Options.compaction_filter_factory: None
2022/09/06-16:58:12.275396 17a4  Options.sst_partitioner_factory: None
2022/09/06-16:58:12.275399 17a4         Options.memtable_factory: SkipListFactory
2022/09/06-16:58:12.275402 17a4            Options.table_factory: BlockBasedTable
2022/09/06-16:58:12.275427 17a4            table_factory options:   flush_block_policy_factory: FlushBlockBySizePolicyFactory (0000015B30C11640)
  cache_index_and_filter_blocks: 1
  cache_index_and_filter_blocks_with_high_priority: 1
  pin_l0_filter_and_index_blocks_in_cache: 0
  pin_top_level_index_and_filter: 1
  index_type: 0
  data_block_index_type: 0
  index_shortening: 1
  data_block_hash_table_util_ratio: 0.750000
  hash_index_allow_collision: 1
  checksum: 1
  no_block_cache: 0
  block_cache: 0000015B30678600
  block_cache_name: LRUCache
  block_cache_options:
    capacity : 134217728
    num_shard_bits : 6
    strict_capacity_limit : 0
    memory_allocator : None
    high_pri_pool_ratio: 0.000
  block_cache_compressed: 0000000000000000
  persistent_cache: 0000000000000000
  block_size: 32768
  block_size_deviation: 10
  block_restart_interval: 16
  index_block_restart_interval: 1
  metadata_block_size: 4096
  partition_filters: 0
  use_delta_encoding: 1
  filter_policy: nullptr
  whole_key_filtering: 1
  verify_compression: 0
  read_amp_bytes_per_bit: 0
  format_version: 5
  enable_index_compression: 1
  block_align: 0
  max_auto_readahead_size: 262144
  prepopulate_block_cache: 0
2022/09/06-16:58:12.275431 17a4        Options.write_buffer_size: 67108864
2022/09/06-16:58:12.275435 17a4  Options.max_write_buffer_number: 2
2022/09/06-16:58:12.275438 17a4          Options.compression: Snappy
2022/09/06-16:58:12.275441 17a4                  Options.bottommost_compression: Disabled
2022/09/06-16:58:12.275444 17a4       Options.prefix_extractor: nullptr
2022/09/06-16:58:12.275448 17a4   Options.memtable_insert_with_hint_prefix_extractor: nullptr
2022/09/06-16:58:12.275451 17a4             Options.num_levels: 7
2022/09/06-16:58:12.275454 17a4        Options.min_write_buffer_number_to_merge: 1
2022/09/06-16:58:12.275457 17a4     Options.max_write_buffer_number_to_maintain: 0
2022/09/06-16:58:12.275460 17a4     Options.max_write_buffer_size_to_maintain: 134217728
2022/09/06-16:58:12.275463 17a4            Options.bottommost_compression_opts.window_bits: -14
2022/09/06-16:58:12.275466 17a4                  Options.bottommost_compression_opts.level: 32767
2022/09/06-16:58:12.275469 17a4               Options.bottommost_compression_opts.strategy: 0
2022/09/06-16:58:12.275472 17a4         Options.bottommost_compression_opts.max_dict_bytes: 0
2022/09/06-16:58:12.275476 17a4         Options.bottommost_compression_opts.zstd_max_train_bytes: 0
2022/09/06-16:58:12.275479 17a4         Options.bottommost_compression_opts.parallel_threads: 1
2022/09/06-16:58:12.275482 17a4                  Options.bottommost_compression_opts.enabled: false
2022/09/06-16:58:12.275485 17a4         Options.bottommost_compression_opts.max_dict_buffer_bytes: 0
2022/09/06-16:58:12.275488 17a4            Options.compression_opts.window_bits: -14
2022/09/06-16:58:12.275491 17a4                  Options.compression_opts.level: 32767
2022/09/06-16:58:12.275494 17a4               Options.compression_opts.strategy: 0
2022/09/06-16:58:12.275497 17a4         Options.compression_opts.max_dict_bytes: 0
2022/09/06-16:58:12.275502 17a4         Options.compression_opts.zstd_max_train_bytes: 0
2022/09/06-16:58:12.275506 17a4         Options.compression_opts.parallel_threads: 1
2022/09/06-16:58:12.275509 17a4                  Options.compression_opts.enabled: false
2022/09/06-16:58:12.275512 17a4         Options.compression_opts.max_dict_buffer_bytes: 0
2022/09/06-16:58:12.275516 17a4      Options.level0_file_num_compaction_trigger: 4
2022/09/06-16:58:12.275519 17a4          Options.level0_slowdown_writes_trigger: 20
2022/09/06-16:58:12.275522 17a4              Options.level0_stop_writes_trigger: 36
2022/09/06-16:58:12.275525 17a4                   Options.target_file_size_base: 67108864
2022/09/06-16:58:12.275528 17a4             Options.target_file_size_multiplier: 1
2022/09/06-16:58:12.275531 17a4                Options.max_bytes_for_level_base: 268435456
2022/09/06-16:58:12.275534 17a4 Options.level_compaction_dynamic_level_bytes: 0
2022/09/06-16:58:12.275537 17a4          Options.max_bytes_for_level_multiplier: 10.000000
2022/09/06-16:58:12.275541 17a4 Options.max_bytes_for_level_multiplier_addtl[0]: 1
2022/09/06-16:58:12.275544 17a4 Options.max_bytes_for_level_multiplier_addtl[1]: 1
2022/09/06-16:58:12.275547 17a4 Options.max_bytes_for_level_multiplier_addtl[2]: 1
2022/09/06-16:58:12.275550 17a4 Options.max_bytes_for_level_multiplier_addtl[3]: 1
2022/09/06-16:58:12.275553 17a4 Options.max_bytes_for_level_multiplier_addtl[4]: 1
2022/09/06-16:58:12.275556 17a4 Options.max_bytes_for_level_multiplier_addtl[5]: 1
2022/09/06-16:58:12.275559 17a4 Options.max_bytes_for_level_multiplier_addtl[6]: 1
2022/09/06-16:58:12.275562 17a4       Options.max_sequential_skip_in_iterations: 8
2022/09/06-16:58:12.275566 17a4                    Options.max_compaction_bytes: 1677721600
2022/09/06-16:58:12.275569 17a4                        Options.arena_block_size: 1048576
2022/09/06-16:58:12.275572 17a4   Options.soft_pending_compaction_bytes_limit: 68719476736
2022/09/06-16:58:12.275578 17a4   Options.hard_pending_compaction_bytes_limit: 274877906944
2022/09/06-16:58:12.275581 17a4       Options.rate_limit_delay_max_milliseconds: 100
2022/09/06-16:58:12.275584 17a4                Options.disable_auto_compactions: 1
2022/09/06-16:58:12.275588 17a4                        Options.compaction_style: kCompactionStyleLevel
2022/09/06-16:58:12.275592 17a4                          Options.compaction_pri: kMinOverlappingRatio
2022/09/06-16:58:12.275595 17a4 Options.compaction_options_universal.size_ratio: 1
2022/09/06-16:58:12.275598 17a4 Options.compaction_options_universal.min_merge_width: 2
2022/09/06-16:58:12.275601 17a4 Options.compaction_options_universal.max_merge_width: 4294967295
2022/09/06-16:58:12.275604 17a4 Options.compaction_options_universal.max_size_amplification_percent: 200
2022/09/06-16:58:12.275607 17a4 Options.compaction_options_universal.compression_size_percent: -1
2022/09/06-16:58:12.275611 17a4 Options.compaction_options_universal.stop_style: kCompactionStopStyleTotalSize
2022/09/06-16:58:12.275615 17a4 Options.compaction_options_fifo.max_table_files_size: 1073741824
2022/09/06-16:58:12.275618 17a4 Options.compaction_options_fifo.allow_compaction: 0
2022/09/06-16:58:12.275622 17a4                   Options.table_properties_collectors: 
2022/09/06-16:58:12.275625 17a4                   Options.inplace_update_support: 0
2022/09/06-16:58:12.275628 17a4                 Options.inplace_update_num_locks: 10000
2022/09/06-16:58:12.275632 17a4               Options.memtable_prefix_bloom_size_ratio: 0.000000
2022/09/06-16:58:12.275635 17a4               Options.memtable_whole_key_filtering: 0
2022/09/06-16:58:12.275638 17a4   Options.memtable_huge_page_size: 0
2022/09/06-16:58:12.275641 17a4                           Options.bloom_locality: 0
2022/09/06-16:58:12.275644 17a4                    Options.max_successive_merges: 0
2022/09/06-16:58:12.275647 17a4                Options.optimize_filters_for_hits: 0
2022/09/06-16:58:12.275650 17a4                Options.paranoid_file_checks: 0
2022/09/06-16:58:12.275677 17a4                Options.force_consistency_checks: 1
2022/09/06-16:58:12.275681 17a4                Options.report_bg_io_stats: 0
2022/09/06-16:58:12.275684 17a4                               Options.ttl: 0
2022/09/06-16:58:12.275687 17a4          Options.periodic_compaction_seconds: 0
2022/09/06-16:58:12.275690 17a4                       Options.enable_blob_files: false
2022/09/06-16:58:12.275693 17a4                           Options.min_blob_size: 0
2022/09/06-16:58:12.275696 17a4                          Options.blob_file_size: 268435456
2022/09/06-16:58:12.275700 17a4                   Options.blob_compression_type: NoCompression
2022/09/06-16:58:12.275703 17a4          Options.enable_blob_garbage_collection: false
2022/09/06-16:58:12.275706 17a4      Options.blob_garbage_collection_age_cutoff: 0.250000
2022/09/06-16:58:12.275710 17a4 Options.blob_garbage_collection_force_threshold: 1.000000
2022/09/06-16:58:12.275713 17a4          Options.blob_compaction_readahead_size: 0
2022/09/06-16:58:12.276316 17a4 [db\column_family.cc:607] --------------- Options for column family []:
2022/09/06-16:58:12.276329 17a4               Options.comparator: leveldb.BytewiseComparator
2022/09/06-16:58:12.276332 17a4           Options.merge_operator: None
2022/09/06-16:58:12.276335 17a4        Options.compaction_filter: None
2022/09/06-16:58:12.276338 17a4        Options.compaction_filter_factory: None
2022/09/06-16:58:12.276341 17a4  Options.sst_partitioner_factory: None
2022/09/06-16:58:12.276344 17a4         Options.memtable_factory: SkipListFactory
2022/09/06-16:58:12.276348 17a4            Options.table_factory: BlockBasedTable
2022/09/06-16:58:12.276367 17a4            table_factory options:   flush_block_policy_factory: FlushBlockBySizePolicyFactory (0000015B30C10860)
  cache_index_and_filter_blocks: 1
  cache_index_and_filter_blocks_with_high_priority: 1
  pin_l0_filter_and_index_blocks_in_cache: 0
  pin_top_level_index_and_filter: 1
  index_type: 0
  data_block_index_type: 0
  index_shortening: 1
  data_block_hash_table_util_ratio: 0.750000
  hash_index_allow_collision: 1
  checksum: 1
  no_block_cache: 0
  block_cache: 0000015B30218030
  block_cache_name: LRUCache
  block_cache_options:
    capacity : 134217728
    num_shard_bits : 6
    strict_capacity_limit : 0
    memory_allocator : None
    high_pri_pool_ratio: 0.000
  block_cache_compressed: 0000000000000000
  persistent_cache: 0000000000000000
  block_size: 32768
  block_size_deviation: 10
  block_restart_interval: 16
  index_block_restart_interval: 1
  metadata_block_size: 4096
  partition_filters: 0
  use_delta_encoding: 1
  filter_policy: nullptr
  whole_key_filtering: 1
  verify_compression: 0
  read_amp_bytes_per_bit: 0
  format_version: 5
  enable_index_compression: 1
  block_align: 0
  max_auto_readahead_size: 262144
  prepopulate_block_cache: 0
2022/09/06-16:58:12.276370 17a4        Options.write_buffer_size: 67108864
2022/09/06-16:58:12.276374 17a4  Options.max_write_buffer_number: 2
2022/09/06-16:58:12.276377 17a4          Options.compression: Snappy
2022/09/06-16:58:12.276380 17a4                  Options.bottommost_compression: Disabled
2022/09/06-16:58:12.276383 17a4       Options.prefix_extractor: nullptr
2022/09/06-16:58:12.276386 17a4   Options.memtable_insert_with_hint_prefix_extractor: nullptr
2022/09/06-16:58:12.276389 17a4             Options.num_levels: 7
2022/09/06-16:58:12.276392 17a4        Options.min_write_buffer_number_to_merge: 1
2022/09/06-16:58:12.276395 17a4     Options.max_write_buffer_number_to_maintain: 0
2022/09/06-16:58:12.276398 17a4     Options.max_write_buffer_size_to_maintain: 134217728
2022/09/06-16:58:12.276401 17a4            Options.bottommost_compression_opts.window_bits: -14
2022/09/06-16:58:12.276405 17a4                  Options.bottommost_compression_opts.level: 32767
2022/09/06-16:58:12.276408 17a4               Options.bottommost_compression_opts.strategy: 0
2022/09/06-16:58:12.276411 17a4         Options.bottommost_compression_opts.max_dict_bytes: 0
2022/09/06-16:58:12.276414 17a4         Options.bottommost_compression_opts.zstd_max_train_bytes: 0
2022/09/06-16:58:12.276419 17a4         Options.bottommost_compression_opts.parallel_threads: 1
2022/09/06-16:58:12.276423 17a4                  Options.bottommost_compression_opts.enabled: false
2022/09/06-16:58:12.276427 17a4         Options.bottommost_compression_opts.max_dict_buffer_bytes: 0
2022/09/06-16:58:12.276430 17a4            Options.compression_opts.window_bits: -14
2022/09/06-16:58:12.276433 17a4                  Options.compression_opts.level: 32767
2022/09/06-16:58:12.276436 17a4               Options.compression_opts.strategy: 0
2022/09/06-16:58:12.276439 17a4         Options.compression_opts.max_dict_bytes: 0
2022/09/06-16:58:12.276442 17a4         Options.compression_opts.zstd_max_train_bytes: 0
2022/09/06-16:58:12.276445 17a4         Options.compression_opts.parallel_threads: 1
2022/09/06-16:58:12.276448 17a4                  Options.compression_opts.enabled: false
2022/09/06-16:58:12.276451 17a4         Options.compression_opts.max_dict_buffer_bytes: 0
2022/09/06-16:58:12.276454 17a4      Options.level0_file_num_compaction_trigger: 4
2022/09/06-16:58:12.276457 17a4          Options.level0_slowdown_writes_trigger: 20
2022/09/06-16:58:12.276460 17a4              Options.level0_stop_writes_trigger: 36
2022/09/06-16:58:12.276463 17a4                   Options.target_file_size_base: 67108864
2022/09/06-16:58:12.276466 17a4             Options.target_file_size_multiplier: 1
2022/09/06-16:58:12.276469 17a4                Options.max_bytes_for_level_base: 268435456
2022/09/06-16:58:12.276473 17a4 Options.level_compaction_dynamic_level_bytes: 0
2022/09/06-16:58:12.276476 17a4          Options.max_bytes_for_level_multiplier: 10.000000
2022/09/06-16:58:12.276479 17a4 Options.max_bytes_for_level_multiplier_addtl[0]: 1
2022/09/06-16:58:12.276482 17a4 Options.max_bytes_for_level_multiplier_addtl[1]: 1
2022/09/06-16:58:12.276485 17a4 Options.max_bytes_for_level_multiplier_addtl[2]: 1
2022/09/06-16:58:12.276488 17a4 Options.max_bytes_for_level_multiplier_addtl[3]: 1
2022/09/06-16:58:12.276491 17a4 Options.max_bytes_for_level_multiplier_addtl[4]: 1
2022/09/06-16:58:12.276494 17a4 Options.max_bytes_for_level_multiplier_addtl[5]: 1
2022/09/06-16:58:12.276497 17a4 Options.max_bytes_for_level_multiplier_addtl[6]: 1
2022/09/06-16:58:12.276501 17a4       Options.max_sequential_skip_in_iterations: 8
2022/09/06-16:58:12.276504 17a4                    Options.max_compaction_bytes: 1677721600
2022/09/06-16:58:12.276507 17a4                        Options.arena_block_size: 1048576
2022/09/06-16:58:12.276510 17a4   Options.soft_pending_compaction_bytes_limit: 68719476736
2022/09/06-16:58:12.276513 17a4   Options.hard_pending_compaction_bytes_limit: 274877906944
2022/09/06-16:58:12.276516 17a4       Options.rate_limit_delay_max_milliseconds: 100
2022/09/06-16:58:12.276519 17a4                Options.disable_auto_compactions: 1
2022/09/06-16:58:12.276523 17a4                        Options.compaction_style: kCompactionStyleLevel
2022/09/06-16:58:12.276527 17a4                          Options.compaction_pri: kMinOverlappingRatio
2022/09/06-16:58:12.276530 17a4 Options.compaction_options_universal.size_ratio: 1
2022/09/06-16:58:12.276533 17a4 Options.compaction_options_universal.min_merge_width: 2
2022/09/06-16:58:12.276536 17a4 Options.compaction_options_universal.max_merge_width: 4294967295
2022/09/06-16:58:12.276539 17a4 Options.compaction_options_universal.max_size_amplification_percent: 200
2022/09/06-16:58:12.276542 17a4 Options.compaction_options_universal.compression_size_percent: -1
2022/09/06-16:58:12.276546 17a4 Options.compaction_options_universal.stop_style: kCompactionStopStyleTotalSize
2022/09/06-16:58:12.276549 17a4 Options.compaction_options_fifo.max_table_files_size: 1073741824
2022/09/06-16:58:12.276552 17a4 Options.compaction_options_fifo.allow_compaction: 0
2022/09/06-16:58:12.276556 17a4                   Options.table_properties_collectors: 
2022/09/06-16:58:12.276559 17a4                   Options.inplace_update_support: 0
2022/09/06-16:58:12.276563 17a4                 Options.inplace_update_num_locks: 10000
2022/09/06-16:58:12.276566 17a4               Options.memtable_prefix_bloom_size_ratio: 0.000000
2022/09/06-16:58:12.276569 17a4               Options.memtable_whole_key_filtering: 0
2022/09/06-16:58:12.276572 17a4   Options.memtable_huge_page_size: 0
2022/09/06-16:58:12.276575 17a4                           Options.bloom_locality: 0
2022/09/06-16:58:12.276578 17a4                    Options.max_successive_merges: 0
2022/09/06-16:58:12.276581 17a4                Options.optimize_filters_for_hits: 0
2022/09/06-16:58:12.276585 17a4                Options.paranoid_file_checks: 0
2022/09/06-16:58:12.276588 17a4                Options.force_consistency_checks: 1
2022/09/06-16:58:12.276591 17a4                Options.report_bg_io_stats: 0
2022/09/06-16:58:12.276594 17a4                               Options.ttl: 0
2022/09/06-16:58:12.276597 17a4          Options.periodic_compaction_seconds: 0
2022/09/06-16:58:12.276600 17a4                       Options.enable_blob_files: false
2022/09/06-16:58:12.276603 17a4                           Options.min_blob_size: 0
2022/09/06-16:58:12.276606 17a4                          Options.blob_file_size: 268435456
2022/09/06-16:58:12.276609 17a4                   Options.blob_compression_type: NoCompression
2022/09/06-16:58:12.276612 17a4          Options.enable_blob_garbage_collection: false
2022/09/06-16:58:12.276616 17a4      Options.blob_garbage_collection_age_cutoff: 0.250000
2022/09/06-16:58:12.276619 17a4 Options.blob_garbage_collection_force_threshold: 1.000000
2022/09/06-16:58:12.276625 17a4          Options.blob_compaction_readahead_size: 0
2022/09/06-16:58:12.276657 17a4 [db\column_family.cc:607] --------------- Options for column family []:
2022/09/06-16:58:12.276661 17a4               Options.comparator: leveldb.BytewiseComparator
2022/09/06-16:58:12.276664 17a4           Options.merge_operator: None
2022/09/06-16:58:12.276667 17a4        Options.compaction_filter: None
2022/09/06-16:58:12.276670 17a4        Options.compaction_filter_factory: None
2022/09/06-16:58:12.276673 17a4  Options.sst_partitioner_factory: None
2022/09/06-16:58:12.276676 17a4         Options.memtable_factory: SkipListFactory
2022/09/06-16:58:12.276679 17a4            Options.table_factory: BlockBasedTable
2022/09/06-16:58:12.276695 17a4            table_factory options:   flush_block_policy_factory: FlushBlockBySizePolicyFactory (0000015B30C10980)
  cache_index_and_filter_blocks: 1
  cache_index_and_filter_blocks_with_high_priority: 1
  pin_l0_filter_and_index_blocks_in_cache: 0
  pin_top_level_index_and_filter: 1
  index_type: 0
  data_block_index_type: 0
  index_shortening: 1
  data_block_hash_table_util_ratio: 0.750000
  hash_index_allow_collision: 1
  checksum: 1
  no_block_cache: 0
  block_cache: 0000015B30218330
  block_cache_name: LRUCache
  block_cache_options:
    capacity : 134217728
    num_shard_bits : 6
    strict_capacity_limit : 0
    memory_allocator : None
    high_pri_pool_ratio: 0.000
  block_cache_compressed: 0000000000000000
  persistent_cache: 0000000000000000
  block_size: 32768
  block_size_deviation: 10
  block_restart_interval: 16
  index_block_restart_interval: 1
  metadata_block_size: 4096
  partition_filters: 0
  use_delta_encoding: 1
  filter_policy: nullptr
  whole_key_filtering: 1
  verify_compression: 0
  read_amp_bytes_per_bit: 0
  format_version: 5
  enable_index_compression: 1
  block_align: 0
  max_auto_readahead_size: 262144
  prepopulate_block_cache: 0
2022/09/06-16:58:12.276699 17a4        Options.write_buffer_size: 67108864
2022/09/06-16:58:12.276702 17a4  Options.max_write_buffer_number: 2
2022/09/06-16:58:12.276705 17a4          Options.compression: Snappy
2022/09/06-16:58:12.276708 17a4                  Options.bottommost_compression: Disabled
2022/09/06-16:58:12.276711 17a4       Options.prefix_extractor: nullptr
2022/09/06-16:58:12.276715 17a4   Options.memtable_insert_with_hint_prefix_extractor: nullptr
2022/09/06-16:58:12.276718 17a4             Options.num_levels: 7
2022/09/06-16:58:12.276722 17a4        Options.min_write_buffer_number_to_merge: 1
2022/09/06-16:58:12.276725 17a4     Options.max_write_buffer_number_to_maintain: 0
2022/09/06-16:58:12.276728 17a4     Options.max_write_buffer_size_to_maintain: 134217728
2022/09/06-16:58:12.276731 17a4            Options.bottommost_compression_opts.window_bits: -14
2022/09/06-16:58:12.276734 17a4                  Options.bottommost_compression_opts.level: 32767
2022/09/06-16:58:12.276737 17a4               Options.bottommost_compression_opts.strategy: 0
2022/09/06-16:58:12.276741 17a4         Options.bottommost_compression_opts.max_dict_bytes: 0
2022/09/06-16:58:12.276744 17a4         Options.bottommost_compression_opts.zstd_max_train_bytes: 0
2022/09/06-16:58:12.276747 17a4         Options.bottommost_compression_opts.parallel_threads: 1
2022/09/06-16:58:12.276750 17a4                  Options.bottommost_compression_opts.enabled: false
2022/09/06-16:58:12.276753 17a4         Options.bottommost_compression_opts.max_dict_buffer_bytes: 0
2022/09/06-16:58:12.276756 17a4            Options.compression_opts.window_bits: -14
2022/09/06-16:58:12.276760 17a4                  Options.compression_opts.level: 32767
2022/09/06-16:58:12.276763 17a4               Options.compression_opts.strategy: 0
2022/09/06-16:58:12.276766 17a4         Options.compression_opts.max_dict_bytes: 0
2022/09/06-16:58:12.276769 17a4         Options.compression_opts.zstd_max_train_bytes: 0
2022/09/06-16:58:12.276772 17a4         Options.compression_opts.parallel_threads: 1
2022/09/06-16:58:12.276775 17a4                  Options.compression_opts.enabled: false
2022/09/06-16:58:12.276778 17a4         Options.compression_opts.max_dict_buffer_bytes: 0
2022/09/06-16:58:12.276781 17a4      Options.level0_file_num_compaction_trigger: 4
2022/09/06-16:58:12.276784 17a4          Options.level0_slowdown_writes_trigger: 20
2022/09/06-16:58:12.276787 17a4              Options.level0_stop_writes_trigger: 36
2022/09/06-16:58:12.276790 17a4                   Options.target_file_size_base: 67108864
2022/09/06-16:58:12.276793 17a4             Options.target_file_size_multiplier: 1
2022/09/06-16:58:12.276796 17a4                Options.max_bytes_for_level_base: 268435456
2022/09/06-16:58:12.276799 17a4 Options.level_compaction_dynamic_level_bytes: 0
2022/09/06-16:58:12.276802 17a4          Options.max_bytes_for_level_multiplier: 10.000000
2022/09/06-16:58:12.276806 17a4 Options.max_bytes_for_level_multiplier_addtl[0]: 1
2022/09/06-16:58:12.276809 17a4 Options.max_bytes_for_level_multiplier_addtl[1]: 1
2022/09/06-16:58:12.276812 17a4 Options.max_bytes_for_level_multiplier_addtl[2]: 1
2022/09/06-16:58:12.276815 17a4 Options.max_bytes_for_level_multiplier_addtl[3]: 1
2022/09/06-16:58:12.276818 17a4 Options.max_bytes_for_level_multiplier_addtl[4]: 1
2022/09/06-16:58:12.276821 17a4 Options.max_bytes_for_level_multiplier_addtl[5]: 1
2022/09/06-16:58:12.276825 17a4 Options.max_bytes_for_level_multiplier_addtl[6]: 1
2022/09/06-16:58:12.276828 17a4       Options.max_sequential_skip_in_iterations: 8
2022/09/06-16:58:12.276831 17a4                    Options.max_compaction_bytes: 1677721600
2022/09/06-16:58:12.276834 17a4                        Options.arena_block_size: 1048576
2022/09/06-16:58:12.276837 17a4   Options.soft_pending_compaction_bytes_limit: 68719476736
2022/09/06-16:58:12.276840 17a4   Options.hard_pending_compaction_bytes_limit: 274877906944
2022/09/06-16:58:12.276843 17a4       Options.rate_limit_delay_max_milliseconds: 100
2022/09/06-16:58:12.276846 17a4                Options.disable_auto_compactions: 1
2022/09/06-16:58:12.276850 17a4                        Options.compaction_style: kCompactionStyleLevel
2022/09/06-16:58:12.276853 17a4                          Options.compaction_pri: kMinOverlappingRatio
2022/09/06-16:58:12.276856 17a4 Options.compaction_options_universal.size_ratio: 1
2022/09/06-16:58:12.276859 17a4 Options.compaction_options_universal.min_merge_width: 2
2022/09/06-16:58:12.276862 17a4 Options.compaction_options_universal.max_merge_width: 4294967295
2022/09/06-16:58:12.276865 17a4 Options.compaction_options_universal.max_size_amplification_percent: 200
2022/09/06-16:58:12.276891 17a4 Options.compaction_options_universal.compression_size_percent: -1
2022/09/06-16:58:12.276895 17a4 Options.compaction_options_universal.stop_style: kCompactionStopStyleTotalSize
2022/09/06-16:58:12.276899 17a4 Options.compaction_options_fifo.max_table_files_size: 1073741824
2022/09/06-16:58:12.276902 17a4 Options.compaction_options_fifo.allow_compaction: 0
2022/09/06-16:58:12.276905 17a4                   Options.table_properties_collectors: 
2022/09/06-16:58:12.276909 17a4                   Options.inplace_update_support: 0
2022/09/06-16:58:12.276912 17a4                 Options.inplace_update_num_locks: 10000
2022/09/06-16:58:12.276915 17a4               Options.memtable_prefix_bloom_size_ratio: 0.000000
2022/09/06-16:58:12.276918 17a4               Options.memtable_whole_key_filtering: 0
2022/09/06-16:58:12.276921 17a4   Options.memtable_huge_page_size: 0
2022/09/06-16:58:12.276924 17a4                           Options.bloom_locality: 0
2022/09/06-16:58:12.276927 17a4                    Options.max_successive_merges: 0
2022/09/06-16:58:12.276930 17a4                Options.optimize_filters_for_hits: 0
2022/09/06-16:58:12.276933 17a4                Options.paranoid_file_checks: 0
2022/09/06-16:58:12.276937 17a4                Options.force_consistency_checks: 1
2022/09/06-16:58:12.276940 17a4                Options.report_bg_io_stats: 0
2022/09/06-16:58:12.276943 17a4                               Options.ttl: 0
2022/09/06-16:58:12.276946 17a4          Options.periodic_compaction_seconds: 0
2022/09/06-16:58:12.276949 17a4                       Options.enable_blob_files: false
2022/09/06-16:58:12.276952 17a4                           Options.min_blob_size: 0
2022/09/06-16:58:12.276955 17a4                          Options.blob_file_size: 268435456
2022/09/06-16:58:12.276958 17a4                   Options.blob_compression_type: NoCompression
2022/09/06-16:58:12.276961 17a4          Options.enable_blob_garbage_collection: false
2022/09/06-16:58:12.276965 17a4      Options.blob_garbage_collection_age_cutoff: 0.250000
2022/09/06-16:58:12.276968 17a4 Options.blob_garbage_collection_force_threshold: 1.000000
2022/09/06-16:58:12.276971 17a4          Options.blob_compaction_readahead_size: 0
2022/09/06-16:58:12.277003 17a4 [db\column_family.cc:607] --------------- Options for column family []:
2022/09/06-16:58:12.277007 17a4               Options.comparator: leveldb.BytewiseComparator
2022/09/06-16:58:12.277010 17a4           Options.merge_operator: None
2022/09/06-16:58:12.277013 17a4        Options.compaction_filter: None
2022/09/06-16:58:12.277016 17a4        Options.compaction_filter_factory: None
2022/09/06-16:58:12.277019 17a4  Options.sst_partitioner_factory: None
2022/09/06-16:58:12.277022 17a4         Options.memtable_factory: SkipListFactory
2022/09/06-16:58:12.277025 17a4            Options.table_factory: BlockBasedTable
2022/09/06-16:58:12.277040 17a4            table_factory options:   flush_block_policy_factory: FlushBlockBySizePolicyFactory (0000015B30C10F80)
  cache_index_and_filter_blocks: 1
  cache_index_and_filter_blocks_with_high_priority: 1
  pin_l0_filter_and_index_blocks_in_cache: 0
  pin_top_level_index_and_filter: 1
  index_type: 0
  data_block_index_type: 0
  index_shortening: 1
  data_block_hash_table_util_ratio: 0.750000
  hash_index_allow_collision: 1
  checksum: 1
  no_block_cache: 0
  block_cache: 0000015B30218B70
  block_cache_name: LRUCache
  block_cache_options:
    capacity : 134217728
    num_shard_bits : 6
    strict_capacity_limit : 0
    memory_allocator : None
    high_pri_pool_ratio: 0.000
  block_cache_compressed: 0000000000000000
  persistent_cache: 0000000000000000
  block_size: 32768
  block_size_deviation: 10
  block_restart_interval: 16
  index_block_restart_interval: 1
  metadata_block_size: 4096
  partition_filters: 0
  use_delta_encoding: 1
  filter_policy: nullptr
  whole_key_filtering: 1
  verify_compression: 0
  read_amp_bytes_per_bit: 0
  format_version: 5
  enable_index_compression: 1
  block_align: 0
  max_auto_readahead_size: 262144
  prepopulate_block_cache: 0
2022/09/06-16:58:12.277045 17a4        Options.write_buffer_size: 67108864
2022/09/06-16:58:12.277050 17a4  Options.max_write_buffer_number: 2
2022/09/06-16:58:12.277053 17a4          Options.compression: Snappy
2022/09/06-16:58:12.277056 17a4                  Options.bottommost_compression: Disabled
2022/09/06-16:58:12.277059 17a4       Options.prefix_extractor: nullptr
2022/09/06-16:58:12.277062 17a4   Options.memtable_insert_with_hint_prefix_extractor: nullptr
2022/09/06-16:58:12.277067 17a4             Options.num_levels: 7
2022/09/06-16:58:12.277071 17a4        Options.min_write_buffer_number_to_merge: 1
2022/09/06-16:58:12.277074 17a4     Options.max_write_buffer_number_to_maintain: 0
2022/09/06-16:58:12.277078 17a4     Options.max_write_buffer_size_to_maintain: 134217728
2022/09/06-16:58:12.277081 17a4            Options.bottommost_compression_opts.window_bits: -14
2022/09/06-16:58:12.277085 17a4                  Options.bottommost_compression_opts.level: 32767
2022/09/06-16:58:12.277089 17a4               Options.bottommost_compression_opts.strategy: 0
2022/09/06-16:58:12.277092 17a4         Options.bottommost_compression_opts.max_dict_bytes: 0
2022/09/06-16:58:12.277096 17a4         Options.bottommost_compression_opts.zstd_max_train_bytes: 0
2022/09/06-16:58:12.277099 17a4         Options.bottommost_compression_opts.parallel_threads: 1
2022/09/06-16:58:12.277104 17a4                  Options.bottommost_compression_opts.enabled: false
2022/09/06-16:58:12.277107 17a4         Options.bottommost_compression_opts.max_dict_buffer_bytes: 0
2022/09/06-16:58:12.277110 17a4            Options.compression_opts.window_bits: -14
2022/09/06-16:58:12.277113 17a4                  Options.compression_opts.level: 32767
2022/09/06-16:58:12.277116 17a4               Options.compression_opts.strategy: 0
2022/09/06-16:58:12.277119 17a4         Options.compression_opts.max_dict_bytes: 0
2022/09/06-16:58:12.277122 17a4         Options.compression_opts.zstd_max_train_bytes: 0
2022/09/06-16:58:12.277125 17a4         Options.compression_opts.parallel_threads: 1
2022/09/06-16:58:12.277129 17a4                  Options.compression_opts.enabled: false
2022/09/06-16:58:12.277132 17a4         Options.compression_opts.max_dict_buffer_bytes: 0
2022/09/06-16:58:12.277135 17a4      Options.level0_file_num_compaction_trigger: 4
2022/09/06-16:58:12.277138 17a4          Options.level0_slowdown_writes_trigger: 20
2022/09/06-16:58:12.277144 17a4              Options.level0_stop_writes_trigger: 36
2022/09/06-16:58:12.277147 17a4                   Options.target_file_size_base: 67108864
2022/09/06-16:58:12.277150 17a4             Options.target_file_size_multiplier: 1
2022/09/06-16:58:12.277153 17a4                Options.max_bytes_for_level_base: 268435456
2022/09/06-16:58:12.277156 17a4 Options.level_compaction_dynamic_level_bytes: 0
2022/09/06-16:58:12.277160 17a4          Options.max_bytes_for_level_multiplier: 10.000000
