2022/09/10-18:54:17.914996 4dbc RocksDB version: 6.29.5
2022/09/10-18:54:17.915124 4dbc Git sha da11a59034584ea2d0911268b8136e5249d6b692
2022/09/10-18:54:17.915144 4dbc Compile date 2022-03-30 20:36:34
2022/09/10-18:54:17.915161 4dbc DB SUMMARY
2022/09/10-18:54:17.915177 4dbc DB Session ID:  YRY3OGD5E96QAPS98B9G
2022/09/10-18:54:17.917957 4dbc CURRENT file:  CURRENT
2022/09/10-18:54:17.917979 4dbc IDENTITY file:  IDENTITY
2022/09/10-18:54:17.918079 4dbc MANIFEST file:  MANIFEST-000336 size: 1581 Bytes
2022/09/10-18:54:17.918093 4dbc SST files in C:\Users\Admin\Documents\IBFT\Node-2\data\database dir, Total Num: 6, files: 000052.sst 000194.sst 000256.sst 000279.sst 000307.sst 000335.sst 
2022/09/10-18:54:17.918104 4dbc Write Ahead Log file in C:\Users\Admin\Documents\IBFT\Node-2\data\database: 000005.log size: 61785 ; 000054.log size: 1413 ; 000082.log size: 193 ; 000110.log size: 193 ; 000138.log size: 664757 ; 000167.log size: 1512 ; 000196.log size: 2628319 ; 000224.log size: 220109 ; 000252.log size: 1908168 ; 000281.log size: 9930963 ; 000309.log size: 438708 ; 000337.log size: 228803 ; 
2022/09/10-18:54:17.918296 4dbc                         Options.error_if_exists: 0
2022/09/10-18:54:17.918304 4dbc                       Options.create_if_missing: 1
2022/09/10-18:54:17.918308 4dbc                         Options.paranoid_checks: 1
2022/09/10-18:54:17.918311 4dbc             Options.flush_verify_memtable_count: 1
2022/09/10-18:54:17.918315 4dbc                               Options.track_and_verify_wals_in_manifest: 0
2022/09/10-18:54:17.918319 4dbc                                     Options.env: 000001988CEB1AF0
2022/09/10-18:54:17.918323 4dbc                                      Options.fs: WinFS
2022/09/10-18:54:17.918327 4dbc                                Options.info_log: 000001988C5BBF50
2022/09/10-18:54:17.918330 4dbc                Options.max_file_opening_threads: 16
2022/09/10-18:54:17.918334 4dbc                              Options.statistics: 000001988C22B760
2022/09/10-18:54:17.918338 4dbc                               Options.use_fsync: 0
2022/09/10-18:54:17.918341 4dbc                       Options.max_log_file_size: 0
2022/09/10-18:54:17.918345 4dbc                  Options.max_manifest_file_size: 1073741824
2022/09/10-18:54:17.918348 4dbc                   Options.log_file_time_to_roll: 0
2022/09/10-18:54:17.918352 4dbc                       Options.keep_log_file_num: 1000
2022/09/10-18:54:17.918356 4dbc                    Options.recycle_log_file_num: 0
2022/09/10-18:54:17.918359 4dbc                         Options.allow_fallocate: 1
2022/09/10-18:54:17.918363 4dbc                        Options.allow_mmap_reads: 0
2022/09/10-18:54:17.918366 4dbc                       Options.allow_mmap_writes: 0
2022/09/10-18:54:17.918370 4dbc                        Options.use_direct_reads: 0
2022/09/10-18:54:17.918373 4dbc                        Options.use_direct_io_for_flush_and_compaction: 0
2022/09/10-18:54:17.918377 4dbc          Options.create_missing_column_families: 1
2022/09/10-18:54:17.918380 4dbc                              Options.db_log_dir: 
2022/09/10-18:54:17.918384 4dbc                                 Options.wal_dir: 
2022/09/10-18:54:17.918387 4dbc                Options.table_cache_numshardbits: 6
2022/09/10-18:54:17.918391 4dbc                         Options.WAL_ttl_seconds: 0
2022/09/10-18:54:17.918394 4dbc                       Options.WAL_size_limit_MB: 0
2022/09/10-18:54:17.918398 4dbc                        Options.max_write_batch_group_size_bytes: 1048576
2022/09/10-18:54:17.918402 4dbc             Options.manifest_preallocation_size: 4194304
2022/09/10-18:54:17.918406 4dbc                     Options.is_fd_close_on_exec: 1
2022/09/10-18:54:17.918409 4dbc                   Options.advise_random_on_open: 1
2022/09/10-18:54:17.918413 4dbc                   Options.experimental_mempurge_threshold: 0.000000
2022/09/10-18:54:17.918421 4dbc                    Options.db_write_buffer_size: 0
2022/09/10-18:54:17.918425 4dbc                    Options.write_buffer_manager: 000001988DC38F70
2022/09/10-18:54:17.918460 4dbc         Options.access_hint_on_compaction_start: 1
2022/09/10-18:54:17.918465 4dbc  Options.new_table_reader_for_compaction_inputs: 0
2022/09/10-18:54:17.918469 4dbc           Options.random_access_max_buffer_size: 1048576
2022/09/10-18:54:17.918472 4dbc                      Options.use_adaptive_mutex: 0
2022/09/10-18:54:17.918476 4dbc                            Options.rate_limiter: 0000000000000000
2022/09/10-18:54:17.918480 4dbc     Options.sst_file_manager.rate_bytes_per_sec: 0
2022/09/10-18:54:17.918484 4dbc                       Options.wal_recovery_mode: 2
2022/09/10-18:54:17.918498 4dbc                  Options.enable_thread_tracking: 0
2022/09/10-18:54:17.918502 4dbc                  Options.enable_pipelined_write: 0
2022/09/10-18:54:17.918506 4dbc                  Options.unordered_write: 0
2022/09/10-18:54:17.918511 4dbc         Options.allow_concurrent_memtable_write: 1
2022/09/10-18:54:17.918515 4dbc      Options.enable_write_thread_adaptive_yield: 1
2022/09/10-18:54:17.918519 4dbc             Options.write_thread_max_yield_usec: 100
2022/09/10-18:54:17.918523 4dbc            Options.write_thread_slow_yield_usec: 3
2022/09/10-18:54:17.918528 4dbc                               Options.row_cache: None
2022/09/10-18:54:17.918533 4dbc                              Options.wal_filter: None
2022/09/10-18:54:17.918538 4dbc             Options.avoid_flush_during_recovery: 0
2022/09/10-18:54:17.918542 4dbc             Options.allow_ingest_behind: 0
2022/09/10-18:54:17.918547 4dbc             Options.preserve_deletes: 0
2022/09/10-18:54:17.918552 4dbc             Options.two_write_queues: 0
2022/09/10-18:54:17.918557 4dbc             Options.manual_wal_flush: 0
2022/09/10-18:54:17.918565 4dbc             Options.atomic_flush: 0
2022/09/10-18:54:17.918569 4dbc             Options.avoid_unnecessary_blocking_io: 0
2022/09/10-18:54:17.918574 4dbc                 Options.persist_stats_to_disk: 0
2022/09/10-18:54:17.918578 4dbc                 Options.write_dbid_to_manifest: 0
2022/09/10-18:54:17.918583 4dbc                 Options.log_readahead_size: 0
2022/09/10-18:54:17.918588 4dbc                 Options.file_checksum_gen_factory: Unknown
2022/09/10-18:54:17.918593 4dbc                 Options.best_efforts_recovery: 0
2022/09/10-18:54:17.918598 4dbc                Options.max_bgerror_resume_count: 2147483647
2022/09/10-18:54:17.918604 4dbc            Options.bgerror_resume_retry_interval: 1000000
2022/09/10-18:54:17.918609 4dbc             Options.allow_data_in_errors: 0
2022/09/10-18:54:17.918615 4dbc             Options.db_host_id: __hostname__
2022/09/10-18:54:17.918620 4dbc             Options.max_background_jobs: 2
2022/09/10-18:54:17.918625 4dbc             Options.max_background_compactions: 4
2022/09/10-18:54:17.918631 4dbc             Options.max_subcompactions: 1
2022/09/10-18:54:17.918636 4dbc             Options.avoid_flush_during_shutdown: 0
2022/09/10-18:54:17.918641 4dbc           Options.writable_file_max_buffer_size: 1048576
2022/09/10-18:54:17.918647 4dbc             Options.delayed_write_rate : 16777216
2022/09/10-18:54:17.918652 4dbc             Options.max_total_wal_size: 0
2022/09/10-18:54:17.918657 4dbc             Options.delete_obsolete_files_period_micros: 21600000000
2022/09/10-18:54:17.918663 4dbc                   Options.stats_dump_period_sec: 600
2022/09/10-18:54:17.918668 4dbc                 Options.stats_persist_period_sec: 600
2022/09/10-18:54:17.918674 4dbc                 Options.stats_history_buffer_size: 1048576
2022/09/10-18:54:17.918680 4dbc                          Options.max_open_files: 1024
2022/09/10-18:54:17.918685 4dbc                          Options.bytes_per_sync: 0
2022/09/10-18:54:17.918690 4dbc                      Options.wal_bytes_per_sync: 0
2022/09/10-18:54:17.918695 4dbc                   Options.strict_bytes_per_sync: 0
2022/09/10-18:54:17.918700 4dbc       Options.compaction_readahead_size: 0
2022/09/10-18:54:17.918705 4dbc                  Options.max_background_flushes: -1
2022/09/10-18:54:17.918710 4dbc Compression algorithms supported:
2022/09/10-18:54:17.918770 4dbc 	kZSTD supported: 1
2022/09/10-18:54:17.918777 4dbc 	kSnappyCompression supported: 1
2022/09/10-18:54:17.918781 4dbc 	kBZip2Compression supported: 0
2022/09/10-18:54:17.918786 4dbc 	kZlibCompression supported: 1
2022/09/10-18:54:17.918791 4dbc 	kLZ4Compression supported: 1
2022/09/10-18:54:17.918796 4dbc 	kXpressCompression supported: 0
2022/09/10-18:54:17.918801 4dbc 	kLZ4HCCompression supported: 1
2022/09/10-18:54:17.918806 4dbc 	kZSTDNotFinalCompression supported: 1
2022/09/10-18:54:17.918814 4dbc Fast CRC32 supported: Not supported on x86
2022/09/10-18:54:17.920728 4dbc [db\version_set.cc:4889] Recovering from manifest file: C:\Users\Admin\Documents\IBFT\Node-2\data\database/MANIFEST-000336
2022/09/10-18:54:17.921448 4dbc [db\column_family.cc:607] --------------- Options for column family [default]:
2022/09/10-18:54:17.921468 4dbc               Options.comparator: leveldb.BytewiseComparator
2022/09/10-18:54:17.921473 4dbc           Options.merge_operator: None
2022/09/10-18:54:17.921478 4dbc        Options.compaction_filter: None
2022/09/10-18:54:17.921489 4dbc        Options.compaction_filter_factory: None
2022/09/10-18:54:17.921494 4dbc  Options.sst_partitioner_factory: None
2022/09/10-18:54:17.921498 4dbc         Options.memtable_factory: SkipListFactory
2022/09/10-18:54:17.921503 4dbc            Options.table_factory: BlockBasedTable
2022/09/10-18:54:17.921552 4dbc            table_factory options:   flush_block_policy_factory: FlushBlockBySizePolicyFactory (0000019890869490)
  cache_index_and_filter_blocks: 1
  cache_index_and_filter_blocks_with_high_priority: 1
  pin_l0_filter_and_index_blocks_in_cache: 0
  pin_top_level_index_and_filter: 1
  index_type: 0
  data_block_index_type: 0
  index_shortening: 1
  data_block_hash_table_util_ratio: 0.750000
  hash_index_allow_collision: 1
  checksum: 1
  no_block_cache: 0
  block_cache: 000001988DC4CB00
  block_cache_name: LRUCache
  block_cache_options:
    capacity : 134217728
    num_shard_bits : 6
    strict_capacity_limit : 0
    memory_allocator : None
    high_pri_pool_ratio: 0.000
  block_cache_compressed: 0000000000000000
  persistent_cache: 0000000000000000
  block_size: 32768
  block_size_deviation: 10
  block_restart_interval: 16
  index_block_restart_interval: 1
  metadata_block_size: 4096
  partition_filters: 0
  use_delta_encoding: 1
  filter_policy: nullptr
  whole_key_filtering: 1
  verify_compression: 0
  read_amp_bytes_per_bit: 0
  format_version: 5
  enable_index_compression: 1
  block_align: 0
  max_auto_readahead_size: 262144
  prepopulate_block_cache: 0
2022/09/10-18:54:17.921558 4dbc        Options.write_buffer_size: 67108864
2022/09/10-18:54:17.921563 4dbc  Options.max_write_buffer_number: 2
2022/09/10-18:54:17.921569 4dbc          Options.compression: Snappy
2022/09/10-18:54:17.921574 4dbc                  Options.bottommost_compression: Disabled
2022/09/10-18:54:17.921579 4dbc       Options.prefix_extractor: nullptr
2022/09/10-18:54:17.921584 4dbc   Options.memtable_insert_with_hint_prefix_extractor: nullptr
2022/09/10-18:54:17.921589 4dbc             Options.num_levels: 7
2022/09/10-18:54:17.921593 4dbc        Options.min_write_buffer_number_to_merge: 1
2022/09/10-18:54:17.921598 4dbc     Options.max_write_buffer_number_to_maintain: 0
2022/09/10-18:54:17.921603 4dbc     Options.max_write_buffer_size_to_maintain: 134217728
2022/09/10-18:54:17.921608 4dbc            Options.bottommost_compression_opts.window_bits: -14
2022/09/10-18:54:17.921614 4dbc                  Options.bottommost_compression_opts.level: 32767
2022/09/10-18:54:17.921619 4dbc               Options.bottommost_compression_opts.strategy: 0
2022/09/10-18:54:17.921623 4dbc         Options.bottommost_compression_opts.max_dict_bytes: 0
2022/09/10-18:54:17.921629 4dbc         Options.bottommost_compression_opts.zstd_max_train_bytes: 0
2022/09/10-18:54:17.921634 4dbc         Options.bottommost_compression_opts.parallel_threads: 1
2022/09/10-18:54:17.921639 4dbc                  Options.bottommost_compression_opts.enabled: false
2022/09/10-18:54:17.921644 4dbc         Options.bottommost_compression_opts.max_dict_buffer_bytes: 0
2022/09/10-18:54:17.921653 4dbc            Options.compression_opts.window_bits: -14
2022/09/10-18:54:17.921660 4dbc                  Options.compression_opts.level: 32767
2022/09/10-18:54:17.921665 4dbc               Options.compression_opts.strategy: 0
2022/09/10-18:54:17.921669 4dbc         Options.compression_opts.max_dict_bytes: 0
2022/09/10-18:54:17.921675 4dbc         Options.compression_opts.zstd_max_train_bytes: 0
2022/09/10-18:54:17.921680 4dbc         Options.compression_opts.parallel_threads: 1
2022/09/10-18:54:17.921685 4dbc                  Options.compression_opts.enabled: false
2022/09/10-18:54:17.921690 4dbc         Options.compression_opts.max_dict_buffer_bytes: 0
2022/09/10-18:54:17.921695 4dbc      Options.level0_file_num_compaction_trigger: 4
2022/09/10-18:54:17.921700 4dbc          Options.level0_slowdown_writes_trigger: 20
2022/09/10-18:54:17.921704 4dbc              Options.level0_stop_writes_trigger: 36
2022/09/10-18:54:17.921709 4dbc                   Options.target_file_size_base: 67108864
2022/09/10-18:54:17.921714 4dbc             Options.target_file_size_multiplier: 1
2022/09/10-18:54:17.921719 4dbc                Options.max_bytes_for_level_base: 268435456
2022/09/10-18:54:17.921724 4dbc Options.level_compaction_dynamic_level_bytes: 0
2022/09/10-18:54:17.921729 4dbc          Options.max_bytes_for_level_multiplier: 10.000000
2022/09/10-18:54:17.921735 4dbc Options.max_bytes_for_level_multiplier_addtl[0]: 1
2022/09/10-18:54:17.921739 4dbc Options.max_bytes_for_level_multiplier_addtl[1]: 1
2022/09/10-18:54:17.921745 4dbc Options.max_bytes_for_level_multiplier_addtl[2]: 1
2022/09/10-18:54:17.921750 4dbc Options.max_bytes_for_level_multiplier_addtl[3]: 1
2022/09/10-18:54:17.921755 4dbc Options.max_bytes_for_level_multiplier_addtl[4]: 1
2022/09/10-18:54:17.921760 4dbc Options.max_bytes_for_level_multiplier_addtl[5]: 1
2022/09/10-18:54:17.921765 4dbc Options.max_bytes_for_level_multiplier_addtl[6]: 1
2022/09/10-18:54:17.921770 4dbc       Options.max_sequential_skip_in_iterations: 8
2022/09/10-18:54:17.921775 4dbc                    Options.max_compaction_bytes: 1677721600
2022/09/10-18:54:17.921780 4dbc                        Options.arena_block_size: 1048576
2022/09/10-18:54:17.921785 4dbc   Options.soft_pending_compaction_bytes_limit: 68719476736
2022/09/10-18:54:17.921790 4dbc   Options.hard_pending_compaction_bytes_limit: 274877906944
2022/09/10-18:54:17.921794 4dbc       Options.rate_limit_delay_max_milliseconds: 100
2022/09/10-18:54:17.921799 4dbc                Options.disable_auto_compactions: 1
2022/09/10-18:54:17.921805 4dbc                        Options.compaction_style: kCompactionStyleLevel
2022/09/10-18:54:17.921811 4dbc                          Options.compaction_pri: kMinOverlappingRatio
2022/09/10-18:54:17.921816 4dbc Options.compaction_options_universal.size_ratio: 1
2022/09/10-18:54:17.921821 4dbc Options.compaction_options_universal.min_merge_width: 2
2022/09/10-18:54:17.921826 4dbc Options.compaction_options_universal.max_merge_width: 4294967295
2022/09/10-18:54:17.921831 4dbc Options.compaction_options_universal.max_size_amplification_percent: 200
2022/09/10-18:54:17.921844 4dbc Options.compaction_options_universal.compression_size_percent: -1
2022/09/10-18:54:17.921850 4dbc Options.compaction_options_universal.stop_style: kCompactionStopStyleTotalSize
2022/09/10-18:54:17.921855 4dbc Options.compaction_options_fifo.max_table_files_size: 1073741824
2022/09/10-18:54:17.921860 4dbc Options.compaction_options_fifo.allow_compaction: 0
2022/09/10-18:54:17.921869 4dbc                   Options.table_properties_collectors: 
2022/09/10-18:54:17.921873 4dbc                   Options.inplace_update_support: 0
2022/09/10-18:54:17.921878 4dbc                 Options.inplace_update_num_locks: 10000
2022/09/10-18:54:17.921883 4dbc               Options.memtable_prefix_bloom_size_ratio: 0.000000
2022/09/10-18:54:17.921888 4dbc               Options.memtable_whole_key_filtering: 0
2022/09/10-18:54:17.921893 4dbc   Options.memtable_huge_page_size: 0
2022/09/10-18:54:17.921958 4dbc                           Options.bloom_locality: 0
2022/09/10-18:54:17.921964 4dbc                    Options.max_successive_merges: 0
2022/09/10-18:54:17.921969 4dbc                Options.optimize_filters_for_hits: 0
2022/09/10-18:54:17.921973 4dbc                Options.paranoid_file_checks: 0
2022/09/10-18:54:17.921978 4dbc                Options.force_consistency_checks: 1
2022/09/10-18:54:17.921982 4dbc                Options.report_bg_io_stats: 0
2022/09/10-18:54:17.921987 4dbc                               Options.ttl: 0
2022/09/10-18:54:17.921992 4dbc          Options.periodic_compaction_seconds: 0
2022/09/10-18:54:17.921997 4dbc                       Options.enable_blob_files: false
2022/09/10-18:54:17.922002 4dbc                           Options.min_blob_size: 0
2022/09/10-18:54:17.922006 4dbc                          Options.blob_file_size: 268435456
2022/09/10-18:54:17.922011 4dbc                   Options.blob_compression_type: NoCompression
2022/09/10-18:54:17.922016 4dbc          Options.enable_blob_garbage_collection: false
2022/09/10-18:54:17.922021 4dbc      Options.blob_garbage_collection_age_cutoff: 0.250000
2022/09/10-18:54:17.922027 4dbc Options.blob_garbage_collection_force_threshold: 1.000000
2022/09/10-18:54:17.922032 4dbc          Options.blob_compaction_readahead_size: 0
2022/09/10-18:54:17.922757 4dbc [db\column_family.cc:607] --------------- Options for column family []:
2022/09/10-18:54:17.922771 4dbc               Options.comparator: leveldb.BytewiseComparator
2022/09/10-18:54:17.922776 4dbc           Options.merge_operator: None
2022/09/10-18:54:17.922781 4dbc        Options.compaction_filter: None
2022/09/10-18:54:17.922786 4dbc        Options.compaction_filter_factory: None
2022/09/10-18:54:17.922790 4dbc  Options.sst_partitioner_factory: None
2022/09/10-18:54:17.922795 4dbc         Options.memtable_factory: SkipListFactory
2022/09/10-18:54:17.922800 4dbc            Options.table_factory: BlockBasedTable
2022/09/10-18:54:17.922832 4dbc            table_factory options:   flush_block_policy_factory: FlushBlockBySizePolicyFactory (0000019890867EA0)
  cache_index_and_filter_blocks: 1
  cache_index_and_filter_blocks_with_high_priority: 1
  pin_l0_filter_and_index_blocks_in_cache: 0
  pin_top_level_index_and_filter: 1
  index_type: 0
  data_block_index_type: 0
  index_shortening: 1
  data_block_hash_table_util_ratio: 0.750000
  hash_index_allow_collision: 1
  checksum: 1
  no_block_cache: 0
  block_cache: 000001988DC4E9C0
  block_cache_name: LRUCache
  block_cache_options:
    capacity : 134217728
    num_shard_bits : 6
    strict_capacity_limit : 0
    memory_allocator : None
    high_pri_pool_ratio: 0.000
  block_cache_compressed: 0000000000000000
  persistent_cache: 0000000000000000
  block_size: 32768
  block_size_deviation: 10
  block_restart_interval: 16
  index_block_restart_interval: 1
  metadata_block_size: 4096
  partition_filters: 0
  use_delta_encoding: 1
  filter_policy: nullptr
  whole_key_filtering: 1
  verify_compression: 0
  read_amp_bytes_per_bit: 0
  format_version: 5
  enable_index_compression: 1
  block_align: 0
  max_auto_readahead_size: 262144
  prepopulate_block_cache: 0
2022/09/10-18:54:17.922838 4dbc        Options.write_buffer_size: 67108864
2022/09/10-18:54:17.922843 4dbc  Options.max_write_buffer_number: 2
2022/09/10-18:54:17.922849 4dbc          Options.compression: Snappy
2022/09/10-18:54:17.922853 4dbc                  Options.bottommost_compression: Disabled
2022/09/10-18:54:17.922858 4dbc       Options.prefix_extractor: nullptr
2022/09/10-18:54:17.922862 4dbc   Options.memtable_insert_with_hint_prefix_extractor: nullptr
2022/09/10-18:54:17.922867 4dbc             Options.num_levels: 7
2022/09/10-18:54:17.922872 4dbc        Options.min_write_buffer_number_to_merge: 1
2022/09/10-18:54:17.922878 4dbc     Options.max_write_buffer_number_to_maintain: 0
2022/09/10-18:54:17.922882 4dbc     Options.max_write_buffer_size_to_maintain: 134217728
2022/09/10-18:54:17.922887 4dbc            Options.bottommost_compression_opts.window_bits: -14
2022/09/10-18:54:17.922898 4dbc                  Options.bottommost_compression_opts.level: 32767
2022/09/10-18:54:17.922904 4dbc               Options.bottommost_compression_opts.strategy: 0
2022/09/10-18:54:17.922909 4dbc         Options.bottommost_compression_opts.max_dict_bytes: 0
2022/09/10-18:54:17.922914 4dbc         Options.bottommost_compression_opts.zstd_max_train_bytes: 0
2022/09/10-18:54:17.922919 4dbc         Options.bottommost_compression_opts.parallel_threads: 1
2022/09/10-18:54:17.922924 4dbc                  Options.bottommost_compression_opts.enabled: false
2022/09/10-18:54:17.922929 4dbc         Options.bottommost_compression_opts.max_dict_buffer_bytes: 0
2022/09/10-18:54:17.922934 4dbc            Options.compression_opts.window_bits: -14
2022/09/10-18:54:17.922938 4dbc                  Options.compression_opts.level: 32767
2022/09/10-18:54:17.922944 4dbc               Options.compression_opts.strategy: 0
2022/09/10-18:54:17.922948 4dbc         Options.compression_opts.max_dict_bytes: 0
2022/09/10-18:54:17.922953 4dbc         Options.compression_opts.zstd_max_train_bytes: 0
2022/09/10-18:54:17.922958 4dbc         Options.compression_opts.parallel_threads: 1
2022/09/10-18:54:17.922963 4dbc                  Options.compression_opts.enabled: false
2022/09/10-18:54:17.922968 4dbc         Options.compression_opts.max_dict_buffer_bytes: 0
2022/09/10-18:54:17.922973 4dbc      Options.level0_file_num_compaction_trigger: 4
2022/09/10-18:54:17.922977 4dbc          Options.level0_slowdown_writes_trigger: 20
2022/09/10-18:54:17.922982 4dbc              Options.level0_stop_writes_trigger: 36
2022/09/10-18:54:17.922987 4dbc                   Options.target_file_size_base: 67108864
2022/09/10-18:54:17.922992 4dbc             Options.target_file_size_multiplier: 1
2022/09/10-18:54:17.922997 4dbc                Options.max_bytes_for_level_base: 268435456
2022/09/10-18:54:17.923002 4dbc Options.level_compaction_dynamic_level_bytes: 0
2022/09/10-18:54:17.923006 4dbc          Options.max_bytes_for_level_multiplier: 10.000000
2022/09/10-18:54:17.923012 4dbc Options.max_bytes_for_level_multiplier_addtl[0]: 1
2022/09/10-18:54:17.923017 4dbc Options.max_bytes_for_level_multiplier_addtl[1]: 1
2022/09/10-18:54:17.923021 4dbc Options.max_bytes_for_level_multiplier_addtl[2]: 1
2022/09/10-18:54:17.923027 4dbc Options.max_bytes_for_level_multiplier_addtl[3]: 1
2022/09/10-18:54:17.923032 4dbc Options.max_bytes_for_level_multiplier_addtl[4]: 1
2022/09/10-18:54:17.923037 4dbc Options.max_bytes_for_level_multiplier_addtl[5]: 1
2022/09/10-18:54:17.923042 4dbc Options.max_bytes_for_level_multiplier_addtl[6]: 1
2022/09/10-18:54:17.923046 4dbc       Options.max_sequential_skip_in_iterations: 8
2022/09/10-18:54:17.923051 4dbc                    Options.max_compaction_bytes: 1677721600
2022/09/10-18:54:17.923056 4dbc                        Options.arena_block_size: 1048576
2022/09/10-18:54:17.923062 4dbc   Options.soft_pending_compaction_bytes_limit: 68719476736
2022/09/10-18:54:17.923067 4dbc   Options.hard_pending_compaction_bytes_limit: 274877906944
2022/09/10-18:54:17.923072 4dbc       Options.rate_limit_delay_max_milliseconds: 100
2022/09/10-18:54:17.923076 4dbc                Options.disable_auto_compactions: 1
2022/09/10-18:54:17.923082 4dbc                        Options.compaction_style: kCompactionStyleLevel
2022/09/10-18:54:17.923088 4dbc                          Options.compaction_pri: kMinOverlappingRatio
2022/09/10-18:54:17.923093 4dbc Options.compaction_options_universal.size_ratio: 1
2022/09/10-18:54:17.923098 4dbc Options.compaction_options_universal.min_merge_width: 2
2022/09/10-18:54:17.923103 4dbc Options.compaction_options_universal.max_merge_width: 4294967295
2022/09/10-18:54:17.923108 4dbc Options.compaction_options_universal.max_size_amplification_percent: 200
2022/09/10-18:54:17.923113 4dbc Options.compaction_options_universal.compression_size_percent: -1
2022/09/10-18:54:17.923118 4dbc Options.compaction_options_universal.stop_style: kCompactionStopStyleTotalSize
2022/09/10-18:54:17.923123 4dbc Options.compaction_options_fifo.max_table_files_size: 1073741824
2022/09/10-18:54:17.923130 4dbc Options.compaction_options_fifo.allow_compaction: 0
2022/09/10-18:54:17.923139 4dbc                   Options.table_properties_collectors: 
2022/09/10-18:54:17.923145 4dbc                   Options.inplace_update_support: 0
2022/09/10-18:54:17.923150 4dbc                 Options.inplace_update_num_locks: 10000
2022/09/10-18:54:17.923155 4dbc               Options.memtable_prefix_bloom_size_ratio: 0.000000
2022/09/10-18:54:17.923161 4dbc               Options.memtable_whole_key_filtering: 0
2022/09/10-18:54:17.923166 4dbc   Options.memtable_huge_page_size: 0
2022/09/10-18:54:17.923171 4dbc                           Options.bloom_locality: 0
2022/09/10-18:54:17.923176 4dbc                    Options.max_successive_merges: 0
2022/09/10-18:54:17.923180 4dbc                Options.optimize_filters_for_hits: 0
2022/09/10-18:54:17.923186 4dbc                Options.paranoid_file_checks: 0
2022/09/10-18:54:17.923190 4dbc                Options.force_consistency_checks: 1
2022/09/10-18:54:17.923195 4dbc                Options.report_bg_io_stats: 0
2022/09/10-18:54:17.923200 4dbc                               Options.ttl: 0
2022/09/10-18:54:17.923204 4dbc          Options.periodic_compaction_seconds: 0
2022/09/10-18:54:17.923209 4dbc                       Options.enable_blob_files: false
2022/09/10-18:54:17.923214 4dbc                           Options.min_blob_size: 0
2022/09/10-18:54:17.923219 4dbc                          Options.blob_file_size: 268435456
2022/09/10-18:54:17.923223 4dbc                   Options.blob_compression_type: NoCompression
2022/09/10-18:54:17.923228 4dbc          Options.enable_blob_garbage_collection: false
2022/09/10-18:54:17.923233 4dbc      Options.blob_garbage_collection_age_cutoff: 0.250000
2022/09/10-18:54:17.923239 4dbc Options.blob_garbage_collection_force_threshold: 1.000000
2022/09/10-18:54:17.923245 4dbc          Options.blob_compaction_readahead_size: 0
2022/09/10-18:54:17.923433 4dbc [db\column_family.cc:607] --------------- Options for column family []:
2022/09/10-18:54:17.923441 4dbc               Options.comparator: leveldb.BytewiseComparator
2022/09/10-18:54:17.923446 4dbc           Options.merge_operator: None
2022/09/10-18:54:17.923450 4dbc        Options.compaction_filter: None
2022/09/10-18:54:17.923456 4dbc        Options.compaction_filter_factory: None
2022/09/10-18:54:17.923461 4dbc  Options.sst_partitioner_factory: None
2022/09/10-18:54:17.923465 4dbc         Options.memtable_factory: SkipListFactory
2022/09/10-18:54:17.923470 4dbc            Options.table_factory: BlockBasedTable
2022/09/10-18:54:17.923500 4dbc            table_factory options:   flush_block_policy_factory: FlushBlockBySizePolicyFactory (0000019890867F60)
  cache_index_and_filter_blocks: 1
  cache_index_and_filter_blocks_with_high_priority: 1
  pin_l0_filter_and_index_blocks_in_cache: 0
  pin_top_level_index_and_filter: 1
  index_type: 0
  data_block_index_type: 0
  index_shortening: 1
  data_block_hash_table_util_ratio: 0.750000
  hash_index_allow_collision: 1
  checksum: 1
  no_block_cache: 0
  block_cache: 000001988DC4F140
  block_cache_name: LRUCache
  block_cache_options:
    capacity : 134217728
    num_shard_bits : 6
    strict_capacity_limit : 0
    memory_allocator : None
    high_pri_pool_ratio: 0.000
  block_cache_compressed: 0000000000000000
  persistent_cache: 0000000000000000
  block_size: 32768
  block_size_deviation: 10
  block_restart_interval: 16
  index_block_restart_interval: 1
  metadata_block_size: 4096
  partition_filters: 0
  use_delta_encoding: 1
  filter_policy: nullptr
  whole_key_filtering: 1
  verify_compression: 0
  read_amp_bytes_per_bit: 0
  format_version: 5
  enable_index_compression: 1
  block_align: 0
  max_auto_readahead_size: 262144
  prepopulate_block_cache: 0
2022/09/10-18:54:17.923506 4dbc        Options.write_buffer_size: 67108864
2022/09/10-18:54:17.923511 4dbc  Options.max_write_buffer_number: 2
2022/09/10-18:54:17.923516 4dbc          Options.compression: Snappy
2022/09/10-18:54:17.923523 4dbc                  Options.bottommost_compression: Disabled
2022/09/10-18:54:17.923529 4dbc       Options.prefix_extractor: nullptr
2022/09/10-18:54:17.923533 4dbc   Options.memtable_insert_with_hint_prefix_extractor: nullptr
2022/09/10-18:54:17.923538 4dbc             Options.num_levels: 7
2022/09/10-18:54:17.923543 4dbc        Options.min_write_buffer_number_to_merge: 1
2022/09/10-18:54:17.923548 4dbc     Options.max_write_buffer_number_to_maintain: 0
2022/09/10-18:54:17.923553 4dbc     Options.max_write_buffer_size_to_maintain: 134217728
2022/09/10-18:54:17.923558 4dbc            Options.bottommost_compression_opts.window_bits: -14
2022/09/10-18:54:17.923562 4dbc                  Options.bottommost_compression_opts.level: 32767
2022/09/10-18:54:17.923567 4dbc               Options.bottommost_compression_opts.strategy: 0
2022/09/10-18:54:17.923572 4dbc         Options.bottommost_compression_opts.max_dict_bytes: 0
2022/09/10-18:54:17.923577 4dbc         Options.bottommost_compression_opts.zstd_max_train_bytes: 0
2022/09/10-18:54:17.923582 4dbc         Options.bottommost_compression_opts.parallel_threads: 1
2022/09/10-18:54:17.923587 4dbc                  Options.bottommost_compression_opts.enabled: false
2022/09/10-18:54:17.923593 4dbc         Options.bottommost_compression_opts.max_dict_buffer_bytes: 0
2022/09/10-18:54:17.923597 4dbc            Options.compression_opts.window_bits: -14
2022/09/10-18:54:17.923602 4dbc                  Options.compression_opts.level: 32767
2022/09/10-18:54:17.923607 4dbc               Options.compression_opts.strategy: 0
2022/09/10-18:54:17.923612 4dbc         Options.compression_opts.max_dict_bytes: 0
2022/09/10-18:54:17.923616 4dbc         Options.compression_opts.zstd_max_train_bytes: 0
2022/09/10-18:54:17.923621 4dbc         Options.compression_opts.parallel_threads: 1
2022/09/10-18:54:17.923626 4dbc                  Options.compression_opts.enabled: false
2022/09/10-18:54:17.923631 4dbc         Options.compression_opts.max_dict_buffer_bytes: 0
2022/09/10-18:54:17.923636 4dbc      Options.level0_file_num_compaction_trigger: 4
2022/09/10-18:54:17.923641 4dbc          Options.level0_slowdown_writes_trigger: 20
2022/09/10-18:54:17.923647 4dbc              Options.level0_stop_writes_trigger: 36
2022/09/10-18:54:17.923652 4dbc                   Options.target_file_size_base: 67108864
2022/09/10-18:54:17.923657 4dbc             Options.target_file_size_multiplier: 1
2022/09/10-18:54:17.923662 4dbc                Options.max_bytes_for_level_base: 268435456
2022/09/10-18:54:17.923666 4dbc Options.level_compaction_dynamic_level_bytes: 0
2022/09/10-18:54:17.923671 4dbc          Options.max_bytes_for_level_multiplier: 10.000000
2022/09/10-18:54:17.923676 4dbc Options.max_bytes_for_level_multiplier_addtl[0]: 1
2022/09/10-18:54:17.923681 4dbc Options.max_bytes_for_level_multiplier_addtl[1]: 1
2022/09/10-18:54:17.923687 4dbc Options.max_bytes_for_level_multiplier_addtl[2]: 1
2022/09/10-18:54:17.923692 4dbc Options.max_bytes_for_level_multiplier_addtl[3]: 1
2022/09/10-18:54:17.923697 4dbc Options.max_bytes_for_level_multiplier_addtl[4]: 1
2022/09/10-18:54:17.923702 4dbc Options.max_bytes_for_level_multiplier_addtl[5]: 1
2022/09/10-18:54:17.923707 4dbc Options.max_bytes_for_level_multiplier_addtl[6]: 1
2022/09/10-18:54:17.923712 4dbc       Options.max_sequential_skip_in_iterations: 8
2022/09/10-18:54:17.923716 4dbc                    Options.max_compaction_bytes: 1677721600
2022/09/10-18:54:17.923721 4dbc                        Options.arena_block_size: 1048576
2022/09/10-18:54:17.923726 4dbc   Options.soft_pending_compaction_bytes_limit: 68719476736
2022/09/10-18:54:17.923731 4dbc   Options.hard_pending_compaction_bytes_limit: 274877906944
2022/09/10-18:54:17.923738 4dbc       Options.rate_limit_delay_max_milliseconds: 100
2022/09/10-18:54:17.923745 4dbc                Options.disable_auto_compactions: 1
2022/09/10-18:54:17.923752 4dbc                        Options.compaction_style: kCompactionStyleLevel
2022/09/10-18:54:17.923759 4dbc                          Options.compaction_pri: kMinOverlappingRatio
2022/09/10-18:54:17.923829 4dbc Options.compaction_options_universal.size_ratio: 1
2022/09/10-18:54:17.923837 4dbc Options.compaction_options_universal.min_merge_width: 2
2022/09/10-18:54:17.923842 4dbc Options.compaction_options_universal.max_merge_width: 4294967295
2022/09/10-18:54:17.923847 4dbc Options.compaction_options_universal.max_size_amplification_percent: 200
2022/09/10-18:54:17.923853 4dbc Options.compaction_options_universal.compression_size_percent: -1
2022/09/10-18:54:17.923858 4dbc Options.compaction_options_universal.stop_style: kCompactionStopStyleTotalSize
2022/09/10-18:54:17.923864 4dbc Options.compaction_options_fifo.max_table_files_size: 1073741824
2022/09/10-18:54:17.923869 4dbc Options.compaction_options_fifo.allow_compaction: 0
2022/09/10-18:54:17.923877 4dbc                   Options.table_properties_collectors: 
2022/09/10-18:54:17.923882 4dbc                   Options.inplace_update_support: 0
2022/09/10-18:54:17.923887 4dbc                 Options.inplace_update_num_locks: 10000
2022/09/10-18:54:17.923891 4dbc               Options.memtable_prefix_bloom_size_ratio: 0.000000
2022/09/10-18:54:17.923897 4dbc               Options.memtable_whole_key_filtering: 0
2022/09/10-18:54:17.923902 4dbc   Options.memtable_huge_page_size: 0
2022/09/10-18:54:17.923907 4dbc                           Options.bloom_locality: 0
2022/09/10-18:54:17.923911 4dbc                    Options.max_successive_merges: 0
2022/09/10-18:54:17.923916 4dbc                Options.optimize_filters_for_hits: 0
2022/09/10-18:54:17.923922 4dbc                Options.paranoid_file_checks: 0
2022/09/10-18:54:17.923926 4dbc                Options.force_consistency_checks: 1
2022/09/10-18:54:17.923931 4dbc                Options.report_bg_io_stats: 0
2022/09/10-18:54:17.923935 4dbc                               Options.ttl: 0
2022/09/10-18:54:17.923939 4dbc          Options.periodic_compaction_seconds: 0
2022/09/10-18:54:17.923944 4dbc                       Options.enable_blob_files: false
2022/09/10-18:54:17.923949 4dbc                           Options.min_blob_size: 0
2022/09/10-18:54:17.923954 4dbc                          Options.blob_file_size: 268435456
2022/09/10-18:54:17.923959 4dbc                   Options.blob_compression_type: NoCompression
2022/09/10-18:54:17.923964 4dbc          Options.enable_blob_garbage_collection: false
2022/09/10-18:54:17.923969 4dbc      Options.blob_garbage_collection_age_cutoff: 0.250000
2022/09/10-18:54:17.923975 4dbc Options.blob_garbage_collection_force_threshold: 1.000000
2022/09/10-18:54:17.923980 4dbc          Options.blob_compaction_readahead_size: 0
2022/09/10-18:54:17.924094 4dbc [db\column_family.cc:607] --------------- Options for column family []:
2022/09/10-18:54:17.924103 4dbc               Options.comparator: leveldb.BytewiseComparator
2022/09/10-18:54:17.924108 4dbc           Options.merge_operator: None
2022/09/10-18:54:17.924114 4dbc        Options.compaction_filter: None
2022/09/10-18:54:17.924119 4dbc        Options.compaction_filter_factory: None
2022/09/10-18:54:17.924125 4dbc  Options.sst_partitioner_factory: None
2022/09/10-18:54:17.924130 4dbc         Options.memtable_factory: SkipListFactory
2022/09/10-18:54:17.924136 4dbc            Options.table_factory: BlockBasedTable
2022/09/10-18:54:17.924183 4dbc            table_factory options:   flush_block_policy_factory: FlushBlockBySizePolicyFactory (00000198908684A0)
  cache_index_and_filter_blocks: 1
  cache_index_and_filter_blocks_with_high_priority: 1
  pin_l0_filter_and_index_blocks_in_cache: 0
  pin_top_level_index_and_filter: 1
  index_type: 0
  data_block_index_type: 0
  index_shortening: 1
  data_block_hash_table_util_ratio: 0.750000
  hash_index_allow_collision: 1
  checksum: 1
  no_block_cache: 0
  block_cache: 000001988DC4DAC0
  block_cache_name: LRUCache
  block_cache_options:
    capacity : 134217728
    num_shard_bits : 6
    strict_capacity_limit : 0
    memory_allocator : None
    high_pri_pool_ratio: 0.000
  block_cache_compressed: 0000000000000000
  persistent_cache: 0000000000000000
  block_size: 32768
  block_size_deviation: 10
  block_restart_interval: 16
  index_block_restart_interval: 1
  metadata_block_size: 4096
  partition_filters: 0
  use_delta_encoding: 1
  filter_policy: nullptr
  whole_key_filtering: 1
  verify_compression: 0
  read_amp_bytes_per_bit: 0
  format_version: 5
  enable_index_compression: 1
  block_align: 0
  max_auto_readahead_size: 262144
  prepopulate_block_cache: 0
2022/09/10-18:54:17.924192 4dbc        Options.write_buffer_size: 67108864
2022/09/10-18:54:17.924198 4dbc  Options.max_write_buffer_number: 2
2022/09/10-18:54:17.924203 4dbc          Options.compression: Snappy
2022/09/10-18:54:17.924209 4dbc                  Options.bottommost_compression: Disabled
2022/09/10-18:54:17.924214 4dbc       Options.prefix_extractor: nullptr
2022/09/10-18:54:17.924219 4dbc   Options.memtable_insert_with_hint_prefix_extractor: nullptr
2022/09/10-18:54:17.924225 4dbc             Options.num_levels: 7
2022/09/10-18:54:17.924230 4dbc        Options.min_write_buffer_number_to_merge: 1
2022/09/10-18:54:17.924235 4dbc     Options.max_write_buffer_number_to_maintain: 0
2022/09/10-18:54:17.924240 4dbc     Options.max_write_buffer_size_to_maintain: 134217728
2022/09/10-18:54:17.924246 4dbc            Options.bottommost_compression_opts.window_bits: -14
2022/09/10-18:54:17.924251 4dbc                  Options.bottommost_compression_opts.level: 32767
2022/09/10-18:54:17.924257 4dbc               Options.bottommost_compression_opts.strategy: 0
2022/09/10-18:54:17.924262 4dbc         Options.bottommost_compression_opts.max_dict_bytes: 0
2022/09/10-18:54:17.924268 4dbc         Options.bottommost_compression_opts.zstd_max_train_bytes: 0
2022/09/10-18:54:17.924273 4dbc         Options.bottommost_compression_opts.parallel_threads: 1
2022/09/10-18:54:17.924279 4dbc                  Options.bottommost_compression_opts.enabled: false
2022/09/10-18:54:17.924284 4dbc         Options.bottommost_compression_opts.max_dict_buffer_bytes: 0
2022/09/10-18:54:17.924289 4dbc            Options.compression_opts.window_bits: -14
2022/09/10-18:54:17.924295 4dbc                  Options.compression_opts.level: 32767
2022/09/10-18:54:17.924300 4dbc               Options.compression_opts.strategy: 0
2022/09/10-18:54:17.924305 4dbc         Options.compression_opts.max_dict_bytes: 0
2022/09/10-18:54:17.924311 4dbc         Options.compression_opts.zstd_max_train_bytes: 0
2022/09/10-18:54:17.924316 4dbc         Options.compression_opts.parallel_threads: 1
2022/09/10-18:54:17.924321 4dbc                  Options.compression_opts.enabled: false
2022/09/10-18:54:17.924327 4dbc         Options.compression_opts.max_dict_buffer_bytes: 0
2022/09/10-18:54:17.924332 4dbc      Options.level0_file_num_compaction_trigger: 4
2022/09/10-18:54:17.924338 4dbc          Options.level0_slowdown_writes_trigger: 20
2022/09/10-18:54:17.924343 4dbc              Options.level0_stop_writes_trigger: 36
2022/09/10-18:54:17.924348 4dbc                   Options.target_file_size_base: 67108864
