2022/09/08-22:17:53.166610 5ea4 RocksDB version: 6.29.5
2022/09/08-22:17:53.166758 5ea4 Git sha da11a59034584ea2d0911268b8136e5249d6b692
2022/09/08-22:17:53.166778 5ea4 Compile date 2022-03-30 20:36:34
2022/09/08-22:17:53.166795 5ea4 DB SUMMARY
2022/09/08-22:17:53.166810 5ea4 DB Session ID:  EWKR4VWVMABGSQI8MKQ5
2022/09/08-22:17:53.168458 5ea4 CURRENT file:  CURRENT
2022/09/08-22:17:53.168480 5ea4 IDENTITY file:  IDENTITY
2022/09/08-22:17:53.168596 5ea4 MANIFEST file:  MANIFEST-000138 size: 1623 Bytes
2022/09/08-22:17:53.168611 5ea4 SST files in C:\Users\Admin\Documents\IBFT\Node-3\data\database dir, Total Num: 3, files: 000052.sst 000137.sst 000143.sst 
2022/09/08-22:17:53.168622 5ea4 Write Ahead Log file in C:\Users\Admin\Documents\IBFT\Node-3\data\database: 000005.log size: 61785 ; 000054.log size: 1413 ; 000082.log size: 664777 ; 000110.log size: 1512 ; 000139.log size: 2628340 ; 
2022/09/08-22:17:53.168780 5ea4                         Options.error_if_exists: 0
2022/09/08-22:17:53.168791 5ea4                       Options.create_if_missing: 1
2022/09/08-22:17:53.168795 5ea4                         Options.paranoid_checks: 1
2022/09/08-22:17:53.168800 5ea4             Options.flush_verify_memtable_count: 1
2022/09/08-22:17:53.168804 5ea4                               Options.track_and_verify_wals_in_manifest: 0
2022/09/08-22:17:53.168808 5ea4                                     Options.env: 000002143E8EA9D0
2022/09/08-22:17:53.168813 5ea4                                      Options.fs: WinFS
2022/09/08-22:17:53.168817 5ea4                                Options.info_log: 000002143C8DF9E0
2022/09/08-22:17:53.168822 5ea4                Options.max_file_opening_threads: 16
2022/09/08-22:17:53.168826 5ea4                              Options.statistics: 000002143FE03D10
2022/09/08-22:17:53.168831 5ea4                               Options.use_fsync: 0
2022/09/08-22:17:53.168836 5ea4                       Options.max_log_file_size: 0
2022/09/08-22:17:53.168841 5ea4                  Options.max_manifest_file_size: 1073741824
2022/09/08-22:17:53.168845 5ea4                   Options.log_file_time_to_roll: 0
2022/09/08-22:17:53.168849 5ea4                       Options.keep_log_file_num: 1000
2022/09/08-22:17:53.168853 5ea4                    Options.recycle_log_file_num: 0
2022/09/08-22:17:53.168857 5ea4                         Options.allow_fallocate: 1
2022/09/08-22:17:53.168862 5ea4                        Options.allow_mmap_reads: 0
2022/09/08-22:17:53.168867 5ea4                       Options.allow_mmap_writes: 0
2022/09/08-22:17:53.168871 5ea4                        Options.use_direct_reads: 0
2022/09/08-22:17:53.168875 5ea4                        Options.use_direct_io_for_flush_and_compaction: 0
2022/09/08-22:17:53.168879 5ea4          Options.create_missing_column_families: 1
2022/09/08-22:17:53.168883 5ea4                              Options.db_log_dir: 
2022/09/08-22:17:53.168888 5ea4                                 Options.wal_dir: 
2022/09/08-22:17:53.168892 5ea4                Options.table_cache_numshardbits: 6
2022/09/08-22:17:53.168896 5ea4                         Options.WAL_ttl_seconds: 0
2022/09/08-22:17:53.168900 5ea4                       Options.WAL_size_limit_MB: 0
2022/09/08-22:17:53.168905 5ea4                        Options.max_write_batch_group_size_bytes: 1048576
2022/09/08-22:17:53.168909 5ea4             Options.manifest_preallocation_size: 4194304
2022/09/08-22:17:53.168913 5ea4                     Options.is_fd_close_on_exec: 1
2022/09/08-22:17:53.168917 5ea4                   Options.advise_random_on_open: 1
2022/09/08-22:17:53.168922 5ea4                   Options.experimental_mempurge_threshold: 0.000000
2022/09/08-22:17:53.168928 5ea4                    Options.db_write_buffer_size: 0
2022/09/08-22:17:53.168932 5ea4                    Options.write_buffer_manager: 000002143E37A990
2022/09/08-22:17:53.168936 5ea4         Options.access_hint_on_compaction_start: 1
2022/09/08-22:17:53.168941 5ea4  Options.new_table_reader_for_compaction_inputs: 0
2022/09/08-22:17:53.168945 5ea4           Options.random_access_max_buffer_size: 1048576
2022/09/08-22:17:53.168982 5ea4                      Options.use_adaptive_mutex: 0
2022/09/08-22:17:53.168988 5ea4                            Options.rate_limiter: 0000000000000000
2022/09/08-22:17:53.168993 5ea4     Options.sst_file_manager.rate_bytes_per_sec: 0
2022/09/08-22:17:53.168997 5ea4                       Options.wal_recovery_mode: 2
2022/09/08-22:17:53.169001 5ea4                  Options.enable_thread_tracking: 0
2022/09/08-22:17:53.169006 5ea4                  Options.enable_pipelined_write: 0
2022/09/08-22:17:53.169010 5ea4                  Options.unordered_write: 0
2022/09/08-22:17:53.169014 5ea4         Options.allow_concurrent_memtable_write: 1
2022/09/08-22:17:53.169018 5ea4      Options.enable_write_thread_adaptive_yield: 1
2022/09/08-22:17:53.169022 5ea4             Options.write_thread_max_yield_usec: 100
2022/09/08-22:17:53.169027 5ea4            Options.write_thread_slow_yield_usec: 3
2022/09/08-22:17:53.169031 5ea4                               Options.row_cache: None
2022/09/08-22:17:53.169035 5ea4                              Options.wal_filter: None
2022/09/08-22:17:53.169040 5ea4             Options.avoid_flush_during_recovery: 0
2022/09/08-22:17:53.169044 5ea4             Options.allow_ingest_behind: 0
2022/09/08-22:17:53.169048 5ea4             Options.preserve_deletes: 0
2022/09/08-22:17:53.169052 5ea4             Options.two_write_queues: 0
2022/09/08-22:17:53.169057 5ea4             Options.manual_wal_flush: 0
2022/09/08-22:17:53.169061 5ea4             Options.atomic_flush: 0
2022/09/08-22:17:53.169065 5ea4             Options.avoid_unnecessary_blocking_io: 0
2022/09/08-22:17:53.169070 5ea4                 Options.persist_stats_to_disk: 0
2022/09/08-22:17:53.169074 5ea4                 Options.write_dbid_to_manifest: 0
2022/09/08-22:17:53.169078 5ea4                 Options.log_readahead_size: 0
2022/09/08-22:17:53.169087 5ea4                 Options.file_checksum_gen_factory: Unknown
2022/09/08-22:17:53.169094 5ea4                 Options.best_efforts_recovery: 0
2022/09/08-22:17:53.169100 5ea4                Options.max_bgerror_resume_count: 2147483647
2022/09/08-22:17:53.169105 5ea4            Options.bgerror_resume_retry_interval: 1000000
2022/09/08-22:17:53.169109 5ea4             Options.allow_data_in_errors: 0
2022/09/08-22:17:53.169113 5ea4             Options.db_host_id: __hostname__
2022/09/08-22:17:53.169117 5ea4             Options.max_background_jobs: 2
2022/09/08-22:17:53.169121 5ea4             Options.max_background_compactions: 4
2022/09/08-22:17:53.169126 5ea4             Options.max_subcompactions: 1
2022/09/08-22:17:53.169130 5ea4             Options.avoid_flush_during_shutdown: 0
2022/09/08-22:17:53.169134 5ea4           Options.writable_file_max_buffer_size: 1048576
2022/09/08-22:17:53.169139 5ea4             Options.delayed_write_rate : 16777216
2022/09/08-22:17:53.169143 5ea4             Options.max_total_wal_size: 0
2022/09/08-22:17:53.169147 5ea4             Options.delete_obsolete_files_period_micros: 21600000000
2022/09/08-22:17:53.169151 5ea4                   Options.stats_dump_period_sec: 600
2022/09/08-22:17:53.169155 5ea4                 Options.stats_persist_period_sec: 600
2022/09/08-22:17:53.169160 5ea4                 Options.stats_history_buffer_size: 1048576
2022/09/08-22:17:53.169164 5ea4                          Options.max_open_files: 1024
2022/09/08-22:17:53.169168 5ea4                          Options.bytes_per_sync: 0
2022/09/08-22:17:53.169172 5ea4                      Options.wal_bytes_per_sync: 0
2022/09/08-22:17:53.169177 5ea4                   Options.strict_bytes_per_sync: 0
2022/09/08-22:17:53.169181 5ea4       Options.compaction_readahead_size: 0
2022/09/08-22:17:53.169185 5ea4                  Options.max_background_flushes: -1
2022/09/08-22:17:53.169191 5ea4 Compression algorithms supported:
2022/09/08-22:17:53.169203 5ea4 	kZSTD supported: 1
2022/09/08-22:17:53.169208 5ea4 	kSnappyCompression supported: 1
2022/09/08-22:17:53.169213 5ea4 	kBZip2Compression supported: 0
2022/09/08-22:17:53.169217 5ea4 	kZlibCompression supported: 1
2022/09/08-22:17:53.169243 5ea4 	kLZ4Compression supported: 1
2022/09/08-22:17:53.169248 5ea4 	kXpressCompression supported: 0
2022/09/08-22:17:53.169253 5ea4 	kLZ4HCCompression supported: 1
2022/09/08-22:17:53.169257 5ea4 	kZSTDNotFinalCompression supported: 1
2022/09/08-22:17:53.169264 5ea4 Fast CRC32 supported: Not supported on x86
2022/09/08-22:17:53.170526 5ea4 [db\version_set.cc:4889] Recovering from manifest file: C:\Users\Admin\Documents\IBFT\Node-3\data\database/MANIFEST-000138
2022/09/08-22:17:53.171065 5ea4 [db\column_family.cc:607] --------------- Options for column family [default]:
2022/09/08-22:17:53.171083 5ea4               Options.comparator: leveldb.BytewiseComparator
2022/09/08-22:17:53.171088 5ea4           Options.merge_operator: None
2022/09/08-22:17:53.171092 5ea4        Options.compaction_filter: None
2022/09/08-22:17:53.171099 5ea4        Options.compaction_filter_factory: None
2022/09/08-22:17:53.171103 5ea4  Options.sst_partitioner_factory: None
2022/09/08-22:17:53.171107 5ea4         Options.memtable_factory: SkipListFactory
2022/09/08-22:17:53.171111 5ea4            Options.table_factory: BlockBasedTable
2022/09/08-22:17:53.171139 5ea4            table_factory options:   flush_block_policy_factory: FlushBlockBySizePolicyFactory (000002143ECA0050)
  cache_index_and_filter_blocks: 1
  cache_index_and_filter_blocks_with_high_priority: 1
  pin_l0_filter_and_index_blocks_in_cache: 0
  pin_top_level_index_and_filter: 1
  index_type: 0
  data_block_index_type: 0
  index_shortening: 1
  data_block_hash_table_util_ratio: 0.750000
  hash_index_allow_collision: 1
  checksum: 1
  no_block_cache: 0
  block_cache: 000002143F7138D0
  block_cache_name: LRUCache
  block_cache_options:
    capacity : 134217728
    num_shard_bits : 6
    strict_capacity_limit : 0
    memory_allocator : None
    high_pri_pool_ratio: 0.000
  block_cache_compressed: 0000000000000000
  persistent_cache: 0000000000000000
  block_size: 32768
  block_size_deviation: 10
  block_restart_interval: 16
  index_block_restart_interval: 1
  metadata_block_size: 4096
  partition_filters: 0
  use_delta_encoding: 1
  filter_policy: nullptr
  whole_key_filtering: 1
  verify_compression: 0
  read_amp_bytes_per_bit: 0
  format_version: 5
  enable_index_compression: 1
  block_align: 0
  max_auto_readahead_size: 262144
  prepopulate_block_cache: 0
2022/09/08-22:17:53.171144 5ea4        Options.write_buffer_size: 67108864
2022/09/08-22:17:53.171148 5ea4  Options.max_write_buffer_number: 2
2022/09/08-22:17:53.171152 5ea4          Options.compression: Snappy
2022/09/08-22:17:53.171156 5ea4                  Options.bottommost_compression: Disabled
2022/09/08-22:17:53.171159 5ea4       Options.prefix_extractor: nullptr
2022/09/08-22:17:53.171163 5ea4   Options.memtable_insert_with_hint_prefix_extractor: nullptr
2022/09/08-22:17:53.171167 5ea4             Options.num_levels: 7
2022/09/08-22:17:53.171171 5ea4        Options.min_write_buffer_number_to_merge: 1
2022/09/08-22:17:53.171175 5ea4     Options.max_write_buffer_number_to_maintain: 0
2022/09/08-22:17:53.171178 5ea4     Options.max_write_buffer_size_to_maintain: 134217728
2022/09/08-22:17:53.171182 5ea4            Options.bottommost_compression_opts.window_bits: -14
2022/09/08-22:17:53.171185 5ea4                  Options.bottommost_compression_opts.level: 32767
2022/09/08-22:17:53.171189 5ea4               Options.bottommost_compression_opts.strategy: 0
2022/09/08-22:17:53.171193 5ea4         Options.bottommost_compression_opts.max_dict_bytes: 0
2022/09/08-22:17:53.171197 5ea4         Options.bottommost_compression_opts.zstd_max_train_bytes: 0
2022/09/08-22:17:53.171200 5ea4         Options.bottommost_compression_opts.parallel_threads: 1
2022/09/08-22:17:53.171204 5ea4                  Options.bottommost_compression_opts.enabled: false
2022/09/08-22:17:53.171208 5ea4         Options.bottommost_compression_opts.max_dict_buffer_bytes: 0
2022/09/08-22:17:53.171211 5ea4            Options.compression_opts.window_bits: -14
2022/09/08-22:17:53.171215 5ea4                  Options.compression_opts.level: 32767
2022/09/08-22:17:53.171220 5ea4               Options.compression_opts.strategy: 0
2022/09/08-22:17:53.171225 5ea4         Options.compression_opts.max_dict_bytes: 0
2022/09/08-22:17:53.171229 5ea4         Options.compression_opts.zstd_max_train_bytes: 0
2022/09/08-22:17:53.171232 5ea4         Options.compression_opts.parallel_threads: 1
2022/09/08-22:17:53.171236 5ea4                  Options.compression_opts.enabled: false
2022/09/08-22:17:53.171239 5ea4         Options.compression_opts.max_dict_buffer_bytes: 0
2022/09/08-22:17:53.171243 5ea4      Options.level0_file_num_compaction_trigger: 4
2022/09/08-22:17:53.171246 5ea4          Options.level0_slowdown_writes_trigger: 20
2022/09/08-22:17:53.171251 5ea4              Options.level0_stop_writes_trigger: 36
2022/09/08-22:17:53.171254 5ea4                   Options.target_file_size_base: 67108864
2022/09/08-22:17:53.171258 5ea4             Options.target_file_size_multiplier: 1
2022/09/08-22:17:53.171261 5ea4                Options.max_bytes_for_level_base: 268435456
2022/09/08-22:17:53.171265 5ea4 Options.level_compaction_dynamic_level_bytes: 0
2022/09/08-22:17:53.171268 5ea4          Options.max_bytes_for_level_multiplier: 10.000000
2022/09/08-22:17:53.171273 5ea4 Options.max_bytes_for_level_multiplier_addtl[0]: 1
2022/09/08-22:17:53.171276 5ea4 Options.max_bytes_for_level_multiplier_addtl[1]: 1
2022/09/08-22:17:53.171280 5ea4 Options.max_bytes_for_level_multiplier_addtl[2]: 1
2022/09/08-22:17:53.171284 5ea4 Options.max_bytes_for_level_multiplier_addtl[3]: 1
2022/09/08-22:17:53.171287 5ea4 Options.max_bytes_for_level_multiplier_addtl[4]: 1
2022/09/08-22:17:53.171291 5ea4 Options.max_bytes_for_level_multiplier_addtl[5]: 1
2022/09/08-22:17:53.171294 5ea4 Options.max_bytes_for_level_multiplier_addtl[6]: 1
2022/09/08-22:17:53.171298 5ea4       Options.max_sequential_skip_in_iterations: 8
2022/09/08-22:17:53.171301 5ea4                    Options.max_compaction_bytes: 1677721600
2022/09/08-22:17:53.171305 5ea4                        Options.arena_block_size: 1048576
2022/09/08-22:17:53.171309 5ea4   Options.soft_pending_compaction_bytes_limit: 68719476736
2022/09/08-22:17:53.171313 5ea4   Options.hard_pending_compaction_bytes_limit: 274877906944
2022/09/08-22:17:53.171316 5ea4       Options.rate_limit_delay_max_milliseconds: 100
2022/09/08-22:17:53.171320 5ea4                Options.disable_auto_compactions: 1
2022/09/08-22:17:53.171324 5ea4                        Options.compaction_style: kCompactionStyleLevel
2022/09/08-22:17:53.171328 5ea4                          Options.compaction_pri: kMinOverlappingRatio
2022/09/08-22:17:53.171332 5ea4 Options.compaction_options_universal.size_ratio: 1
2022/09/08-22:17:53.171335 5ea4 Options.compaction_options_universal.min_merge_width: 2
2022/09/08-22:17:53.171339 5ea4 Options.compaction_options_universal.max_merge_width: 4294967295
2022/09/08-22:17:53.171343 5ea4 Options.compaction_options_universal.max_size_amplification_percent: 200
2022/09/08-22:17:53.171347 5ea4 Options.compaction_options_universal.compression_size_percent: -1
2022/09/08-22:17:53.171351 5ea4 Options.compaction_options_universal.stop_style: kCompactionStopStyleTotalSize
2022/09/08-22:17:53.171354 5ea4 Options.compaction_options_fifo.max_table_files_size: 1073741824
2022/09/08-22:17:53.171358 5ea4 Options.compaction_options_fifo.allow_compaction: 0
2022/09/08-22:17:53.171363 5ea4                   Options.table_properties_collectors: 
2022/09/08-22:17:53.171367 5ea4                   Options.inplace_update_support: 0
2022/09/08-22:17:53.171370 5ea4                 Options.inplace_update_num_locks: 10000
2022/09/08-22:17:53.171374 5ea4               Options.memtable_prefix_bloom_size_ratio: 0.000000
2022/09/08-22:17:53.171378 5ea4               Options.memtable_whole_key_filtering: 0
2022/09/08-22:17:53.171381 5ea4   Options.memtable_huge_page_size: 0
2022/09/08-22:17:53.171385 5ea4                           Options.bloom_locality: 0
2022/09/08-22:17:53.171388 5ea4                    Options.max_successive_merges: 0
2022/09/08-22:17:53.171417 5ea4                Options.optimize_filters_for_hits: 0
2022/09/08-22:17:53.171422 5ea4                Options.paranoid_file_checks: 0
2022/09/08-22:17:53.171425 5ea4                Options.force_consistency_checks: 1
2022/09/08-22:17:53.171429 5ea4                Options.report_bg_io_stats: 0
2022/09/08-22:17:53.171433 5ea4                               Options.ttl: 0
2022/09/08-22:17:53.171436 5ea4          Options.periodic_compaction_seconds: 0
2022/09/08-22:17:53.171440 5ea4                       Options.enable_blob_files: false
2022/09/08-22:17:53.171443 5ea4                           Options.min_blob_size: 0
2022/09/08-22:17:53.171447 5ea4                          Options.blob_file_size: 268435456
2022/09/08-22:17:53.171450 5ea4                   Options.blob_compression_type: NoCompression
2022/09/08-22:17:53.171454 5ea4          Options.enable_blob_garbage_collection: false
2022/09/08-22:17:53.171458 5ea4      Options.blob_garbage_collection_age_cutoff: 0.250000
2022/09/08-22:17:53.171462 5ea4 Options.blob_garbage_collection_force_threshold: 1.000000
2022/09/08-22:17:53.171466 5ea4          Options.blob_compaction_readahead_size: 0
2022/09/08-22:17:53.171927 5ea4 [db\column_family.cc:607] --------------- Options for column family []:
2022/09/08-22:17:53.171942 5ea4               Options.comparator: leveldb.BytewiseComparator
2022/09/08-22:17:53.171946 5ea4           Options.merge_operator: None
2022/09/08-22:17:53.171949 5ea4        Options.compaction_filter: None
2022/09/08-22:17:53.171953 5ea4        Options.compaction_filter_factory: None
2022/09/08-22:17:53.171957 5ea4  Options.sst_partitioner_factory: None
2022/09/08-22:17:53.171960 5ea4         Options.memtable_factory: SkipListFactory
2022/09/08-22:17:53.171964 5ea4            Options.table_factory: BlockBasedTable
2022/09/08-22:17:53.171983 5ea4            table_factory options:   flush_block_policy_factory: FlushBlockBySizePolicyFactory (000002143EC9FA50)
  cache_index_and_filter_blocks: 1
  cache_index_and_filter_blocks_with_high_priority: 1
  pin_l0_filter_and_index_blocks_in_cache: 0
  pin_top_level_index_and_filter: 1
  index_type: 0
  data_block_index_type: 0
  index_shortening: 1
  data_block_hash_table_util_ratio: 0.750000
  hash_index_allow_collision: 1
  checksum: 1
  no_block_cache: 0
  block_cache: 000002143F712550
  block_cache_name: LRUCache
  block_cache_options:
    capacity : 134217728
    num_shard_bits : 6
    strict_capacity_limit : 0
    memory_allocator : None
    high_pri_pool_ratio: 0.000
  block_cache_compressed: 0000000000000000
  persistent_cache: 0000000000000000
  block_size: 32768
  block_size_deviation: 10
  block_restart_interval: 16
  index_block_restart_interval: 1
  metadata_block_size: 4096
  partition_filters: 0
  use_delta_encoding: 1
  filter_policy: nullptr
  whole_key_filtering: 1
  verify_compression: 0
  read_amp_bytes_per_bit: 0
  format_version: 5
  enable_index_compression: 1
  block_align: 0
  max_auto_readahead_size: 262144
  prepopulate_block_cache: 0
2022/09/08-22:17:53.171988 5ea4        Options.write_buffer_size: 67108864
2022/09/08-22:17:53.171992 5ea4  Options.max_write_buffer_number: 2
2022/09/08-22:17:53.171996 5ea4          Options.compression: Snappy
2022/09/08-22:17:53.171999 5ea4                  Options.bottommost_compression: Disabled
2022/09/08-22:17:53.172006 5ea4       Options.prefix_extractor: nullptr
2022/09/08-22:17:53.172009 5ea4   Options.memtable_insert_with_hint_prefix_extractor: nullptr
2022/09/08-22:17:53.172013 5ea4             Options.num_levels: 7
2022/09/08-22:17:53.172016 5ea4        Options.min_write_buffer_number_to_merge: 1
2022/09/08-22:17:53.172020 5ea4     Options.max_write_buffer_number_to_maintain: 0
2022/09/08-22:17:53.172023 5ea4     Options.max_write_buffer_size_to_maintain: 134217728
2022/09/08-22:17:53.172027 5ea4            Options.bottommost_compression_opts.window_bits: -14
2022/09/08-22:17:53.172031 5ea4                  Options.bottommost_compression_opts.level: 32767
2022/09/08-22:17:53.172034 5ea4               Options.bottommost_compression_opts.strategy: 0
2022/09/08-22:17:53.172067 5ea4         Options.bottommost_compression_opts.max_dict_bytes: 0
2022/09/08-22:17:53.172072 5ea4         Options.bottommost_compression_opts.zstd_max_train_bytes: 0
2022/09/08-22:17:53.172080 5ea4         Options.bottommost_compression_opts.parallel_threads: 1
2022/09/08-22:17:53.172085 5ea4                  Options.bottommost_compression_opts.enabled: false
2022/09/08-22:17:53.172089 5ea4         Options.bottommost_compression_opts.max_dict_buffer_bytes: 0
2022/09/08-22:17:53.172093 5ea4            Options.compression_opts.window_bits: -14
2022/09/08-22:17:53.172097 5ea4                  Options.compression_opts.level: 32767
2022/09/08-22:17:53.172100 5ea4               Options.compression_opts.strategy: 0
2022/09/08-22:17:53.172104 5ea4         Options.compression_opts.max_dict_bytes: 0
2022/09/08-22:17:53.172107 5ea4         Options.compression_opts.zstd_max_train_bytes: 0
2022/09/08-22:17:53.172116 5ea4         Options.compression_opts.parallel_threads: 1
2022/09/08-22:17:53.172119 5ea4                  Options.compression_opts.enabled: false
2022/09/08-22:17:53.172123 5ea4         Options.compression_opts.max_dict_buffer_bytes: 0
2022/09/08-22:17:53.172127 5ea4      Options.level0_file_num_compaction_trigger: 4
2022/09/08-22:17:53.172131 5ea4          Options.level0_slowdown_writes_trigger: 20
2022/09/08-22:17:53.172134 5ea4              Options.level0_stop_writes_trigger: 36
2022/09/08-22:17:53.172138 5ea4                   Options.target_file_size_base: 67108864
2022/09/08-22:17:53.172141 5ea4             Options.target_file_size_multiplier: 1
2022/09/08-22:17:53.172145 5ea4                Options.max_bytes_for_level_base: 268435456
2022/09/08-22:17:53.172149 5ea4 Options.level_compaction_dynamic_level_bytes: 0
2022/09/08-22:17:53.172152 5ea4          Options.max_bytes_for_level_multiplier: 10.000000
2022/09/08-22:17:53.172157 5ea4 Options.max_bytes_for_level_multiplier_addtl[0]: 1
2022/09/08-22:17:53.172160 5ea4 Options.max_bytes_for_level_multiplier_addtl[1]: 1
2022/09/08-22:17:53.172164 5ea4 Options.max_bytes_for_level_multiplier_addtl[2]: 1
2022/09/08-22:17:53.172168 5ea4 Options.max_bytes_for_level_multiplier_addtl[3]: 1
2022/09/08-22:17:53.172171 5ea4 Options.max_bytes_for_level_multiplier_addtl[4]: 1
2022/09/08-22:17:53.172175 5ea4 Options.max_bytes_for_level_multiplier_addtl[5]: 1
2022/09/08-22:17:53.172178 5ea4 Options.max_bytes_for_level_multiplier_addtl[6]: 1
2022/09/08-22:17:53.172182 5ea4       Options.max_sequential_skip_in_iterations: 8
2022/09/08-22:17:53.172186 5ea4                    Options.max_compaction_bytes: 1677721600
2022/09/08-22:17:53.172189 5ea4                        Options.arena_block_size: 1048576
2022/09/08-22:17:53.172193 5ea4   Options.soft_pending_compaction_bytes_limit: 68719476736
2022/09/08-22:17:53.172197 5ea4   Options.hard_pending_compaction_bytes_limit: 274877906944
2022/09/08-22:17:53.172200 5ea4       Options.rate_limit_delay_max_milliseconds: 100
2022/09/08-22:17:53.172204 5ea4                Options.disable_auto_compactions: 1
2022/09/08-22:17:53.172208 5ea4                        Options.compaction_style: kCompactionStyleLevel
2022/09/08-22:17:53.172212 5ea4                          Options.compaction_pri: kMinOverlappingRatio
2022/09/08-22:17:53.172216 5ea4 Options.compaction_options_universal.size_ratio: 1
2022/09/08-22:17:53.172219 5ea4 Options.compaction_options_universal.min_merge_width: 2
2022/09/08-22:17:53.172223 5ea4 Options.compaction_options_universal.max_merge_width: 4294967295
2022/09/08-22:17:53.172226 5ea4 Options.compaction_options_universal.max_size_amplification_percent: 200
2022/09/08-22:17:53.172230 5ea4 Options.compaction_options_universal.compression_size_percent: -1
2022/09/08-22:17:53.172234 5ea4 Options.compaction_options_universal.stop_style: kCompactionStopStyleTotalSize
2022/09/08-22:17:53.172238 5ea4 Options.compaction_options_fifo.max_table_files_size: 1073741824
2022/09/08-22:17:53.172242 5ea4 Options.compaction_options_fifo.allow_compaction: 0
2022/09/08-22:17:53.172247 5ea4                   Options.table_properties_collectors: 
2022/09/08-22:17:53.172251 5ea4                   Options.inplace_update_support: 0
2022/09/08-22:17:53.172255 5ea4                 Options.inplace_update_num_locks: 10000
2022/09/08-22:17:53.172259 5ea4               Options.memtable_prefix_bloom_size_ratio: 0.000000
2022/09/08-22:17:53.172262 5ea4               Options.memtable_whole_key_filtering: 0
2022/09/08-22:17:53.172266 5ea4   Options.memtable_huge_page_size: 0
2022/09/08-22:17:53.172270 5ea4                           Options.bloom_locality: 0
2022/09/08-22:17:53.172273 5ea4                    Options.max_successive_merges: 0
2022/09/08-22:17:53.172277 5ea4                Options.optimize_filters_for_hits: 0
2022/09/08-22:17:53.172281 5ea4                Options.paranoid_file_checks: 0
2022/09/08-22:17:53.172284 5ea4                Options.force_consistency_checks: 1
2022/09/08-22:17:53.172288 5ea4                Options.report_bg_io_stats: 0
2022/09/08-22:17:53.172292 5ea4                               Options.ttl: 0
2022/09/08-22:17:53.172295 5ea4          Options.periodic_compaction_seconds: 0
2022/09/08-22:17:53.172299 5ea4                       Options.enable_blob_files: false
2022/09/08-22:17:53.172303 5ea4                           Options.min_blob_size: 0
2022/09/08-22:17:53.172306 5ea4                          Options.blob_file_size: 268435456
2022/09/08-22:17:53.172310 5ea4                   Options.blob_compression_type: NoCompression
2022/09/08-22:17:53.172313 5ea4          Options.enable_blob_garbage_collection: false
2022/09/08-22:17:53.172317 5ea4      Options.blob_garbage_collection_age_cutoff: 0.250000
2022/09/08-22:17:53.172321 5ea4 Options.blob_garbage_collection_force_threshold: 1.000000
2022/09/08-22:17:53.172325 5ea4          Options.blob_compaction_readahead_size: 0
2022/09/08-22:17:53.172419 5ea4 [db\column_family.cc:607] --------------- Options for column family []:
2022/09/08-22:17:53.172425 5ea4               Options.comparator: leveldb.BytewiseComparator
2022/09/08-22:17:53.172429 5ea4           Options.merge_operator: None
2022/09/08-22:17:53.172432 5ea4        Options.compaction_filter: None
2022/09/08-22:17:53.172436 5ea4        Options.compaction_filter_factory: None
2022/09/08-22:17:53.172440 5ea4  Options.sst_partitioner_factory: None
2022/09/08-22:17:53.172443 5ea4         Options.memtable_factory: SkipListFactory
2022/09/08-22:17:53.172447 5ea4            Options.table_factory: BlockBasedTable
2022/09/08-22:17:53.172468 5ea4            table_factory options:   flush_block_policy_factory: FlushBlockBySizePolicyFactory (000002143EC9FC30)
  cache_index_and_filter_blocks: 1
  cache_index_and_filter_blocks_with_high_priority: 1
  pin_l0_filter_and_index_blocks_in_cache: 0
  pin_top_level_index_and_filter: 1
  index_type: 0
  data_block_index_type: 0
  index_shortening: 1
  data_block_hash_table_util_ratio: 0.750000
  hash_index_allow_collision: 1
  checksum: 1
  no_block_cache: 0
  block_cache: 000002143F713510
  block_cache_name: LRUCache
  block_cache_options:
    capacity : 134217728
    num_shard_bits : 6
    strict_capacity_limit : 0
    memory_allocator : None
    high_pri_pool_ratio: 0.000
  block_cache_compressed: 0000000000000000
  persistent_cache: 0000000000000000
  block_size: 32768
  block_size_deviation: 10
  block_restart_interval: 16
  index_block_restart_interval: 1
  metadata_block_size: 4096
  partition_filters: 0
  use_delta_encoding: 1
  filter_policy: nullptr
  whole_key_filtering: 1
  verify_compression: 0
  read_amp_bytes_per_bit: 0
  format_version: 5
  enable_index_compression: 1
  block_align: 0
  max_auto_readahead_size: 262144
  prepopulate_block_cache: 0
2022/09/08-22:17:53.172472 5ea4        Options.write_buffer_size: 67108864
2022/09/08-22:17:53.172476 5ea4  Options.max_write_buffer_number: 2
2022/09/08-22:17:53.172480 5ea4          Options.compression: Snappy
2022/09/08-22:17:53.172483 5ea4                  Options.bottommost_compression: Disabled
2022/09/08-22:17:53.172487 5ea4       Options.prefix_extractor: nullptr
2022/09/08-22:17:53.172490 5ea4   Options.memtable_insert_with_hint_prefix_extractor: nullptr
2022/09/08-22:17:53.172495 5ea4             Options.num_levels: 7
2022/09/08-22:17:53.172499 5ea4        Options.min_write_buffer_number_to_merge: 1
2022/09/08-22:17:53.172502 5ea4     Options.max_write_buffer_number_to_maintain: 0
2022/09/08-22:17:53.172506 5ea4     Options.max_write_buffer_size_to_maintain: 134217728
2022/09/08-22:17:53.172510 5ea4            Options.bottommost_compression_opts.window_bits: -14
2022/09/08-22:17:53.172513 5ea4                  Options.bottommost_compression_opts.level: 32767
2022/09/08-22:17:53.172517 5ea4               Options.bottommost_compression_opts.strategy: 0
2022/09/08-22:17:53.172521 5ea4         Options.bottommost_compression_opts.max_dict_bytes: 0
2022/09/08-22:17:53.172524 5ea4         Options.bottommost_compression_opts.zstd_max_train_bytes: 0
2022/09/08-22:17:53.172528 5ea4         Options.bottommost_compression_opts.parallel_threads: 1
2022/09/08-22:17:53.172532 5ea4                  Options.bottommost_compression_opts.enabled: false
2022/09/08-22:17:53.172535 5ea4         Options.bottommost_compression_opts.max_dict_buffer_bytes: 0
2022/09/08-22:17:53.172539 5ea4            Options.compression_opts.window_bits: -14
2022/09/08-22:17:53.172543 5ea4                  Options.compression_opts.level: 32767
2022/09/08-22:17:53.172546 5ea4               Options.compression_opts.strategy: 0
2022/09/08-22:17:53.172550 5ea4         Options.compression_opts.max_dict_bytes: 0
2022/09/08-22:17:53.172553 5ea4         Options.compression_opts.zstd_max_train_bytes: 0
2022/09/08-22:17:53.172557 5ea4         Options.compression_opts.parallel_threads: 1
2022/09/08-22:17:53.172560 5ea4                  Options.compression_opts.enabled: false
2022/09/08-22:17:53.172564 5ea4         Options.compression_opts.max_dict_buffer_bytes: 0
2022/09/08-22:17:53.172568 5ea4      Options.level0_file_num_compaction_trigger: 4
2022/09/08-22:17:53.172571 5ea4          Options.level0_slowdown_writes_trigger: 20
2022/09/08-22:17:53.172575 5ea4              Options.level0_stop_writes_trigger: 36
2022/09/08-22:17:53.172578 5ea4                   Options.target_file_size_base: 67108864
2022/09/08-22:17:53.172582 5ea4             Options.target_file_size_multiplier: 1
2022/09/08-22:17:53.172586 5ea4                Options.max_bytes_for_level_base: 268435456
2022/09/08-22:17:53.172589 5ea4 Options.level_compaction_dynamic_level_bytes: 0
2022/09/08-22:17:53.172593 5ea4          Options.max_bytes_for_level_multiplier: 10.000000
2022/09/08-22:17:53.172597 5ea4 Options.max_bytes_for_level_multiplier_addtl[0]: 1
2022/09/08-22:17:53.172600 5ea4 Options.max_bytes_for_level_multiplier_addtl[1]: 1
2022/09/08-22:17:53.172604 5ea4 Options.max_bytes_for_level_multiplier_addtl[2]: 1
2022/09/08-22:17:53.172608 5ea4 Options.max_bytes_for_level_multiplier_addtl[3]: 1
2022/09/08-22:17:53.172611 5ea4 Options.max_bytes_for_level_multiplier_addtl[4]: 1
2022/09/08-22:17:53.172615 5ea4 Options.max_bytes_for_level_multiplier_addtl[5]: 1
2022/09/08-22:17:53.172618 5ea4 Options.max_bytes_for_level_multiplier_addtl[6]: 1
2022/09/08-22:17:53.172622 5ea4       Options.max_sequential_skip_in_iterations: 8
2022/09/08-22:17:53.172628 5ea4                    Options.max_compaction_bytes: 1677721600
2022/09/08-22:17:53.172632 5ea4                        Options.arena_block_size: 1048576
2022/09/08-22:17:53.172636 5ea4   Options.soft_pending_compaction_bytes_limit: 68719476736
2022/09/08-22:17:53.172639 5ea4   Options.hard_pending_compaction_bytes_limit: 274877906944
2022/09/08-22:17:53.172643 5ea4       Options.rate_limit_delay_max_milliseconds: 100
2022/09/08-22:17:53.172647 5ea4                Options.disable_auto_compactions: 1
2022/09/08-22:17:53.172650 5ea4                        Options.compaction_style: kCompactionStyleLevel
2022/09/08-22:17:53.172654 5ea4                          Options.compaction_pri: kMinOverlappingRatio
2022/09/08-22:17:53.172658 5ea4 Options.compaction_options_universal.size_ratio: 1
2022/09/08-22:17:53.172661 5ea4 Options.compaction_options_universal.min_merge_width: 2
2022/09/08-22:17:53.172666 5ea4 Options.compaction_options_universal.max_merge_width: 4294967295
2022/09/08-22:17:53.172671 5ea4 Options.compaction_options_universal.max_size_amplification_percent: 200
2022/09/08-22:17:53.172675 5ea4 Options.compaction_options_universal.compression_size_percent: -1
2022/09/08-22:17:53.172678 5ea4 Options.compaction_options_universal.stop_style: kCompactionStopStyleTotalSize
2022/09/08-22:17:53.172682 5ea4 Options.compaction_options_fifo.max_table_files_size: 1073741824
2022/09/08-22:17:53.172686 5ea4 Options.compaction_options_fifo.allow_compaction: 0
2022/09/08-22:17:53.172690 5ea4                   Options.table_properties_collectors: 
2022/09/08-22:17:53.172694 5ea4                   Options.inplace_update_support: 0
2022/09/08-22:17:53.172698 5ea4                 Options.inplace_update_num_locks: 10000
2022/09/08-22:17:53.172702 5ea4               Options.memtable_prefix_bloom_size_ratio: 0.000000
2022/09/08-22:17:53.172706 5ea4               Options.memtable_whole_key_filtering: 0
2022/09/08-22:17:53.172709 5ea4   Options.memtable_huge_page_size: 0
2022/09/08-22:17:53.172713 5ea4                           Options.bloom_locality: 0
2022/09/08-22:17:53.172716 5ea4                    Options.max_successive_merges: 0
2022/09/08-22:17:53.172720 5ea4                Options.optimize_filters_for_hits: 0
2022/09/08-22:17:53.172723 5ea4                Options.paranoid_file_checks: 0
2022/09/08-22:17:53.172727 5ea4                Options.force_consistency_checks: 1
2022/09/08-22:17:53.172731 5ea4                Options.report_bg_io_stats: 0
2022/09/08-22:17:53.172734 5ea4                               Options.ttl: 0
2022/09/08-22:17:53.172738 5ea4          Options.periodic_compaction_seconds: 0
2022/09/08-22:17:53.172741 5ea4                       Options.enable_blob_files: false
2022/09/08-22:17:53.172745 5ea4                           Options.min_blob_size: 0
2022/09/08-22:17:53.172748 5ea4                          Options.blob_file_size: 268435456
2022/09/08-22:17:53.172752 5ea4                   Options.blob_compression_type: NoCompression
2022/09/08-22:17:53.172756 5ea4          Options.enable_blob_garbage_collection: false
2022/09/08-22:17:53.172760 5ea4      Options.blob_garbage_collection_age_cutoff: 0.250000
2022/09/08-22:17:53.172764 5ea4 Options.blob_garbage_collection_force_threshold: 1.000000
2022/09/08-22:17:53.172767 5ea4          Options.blob_compaction_readahead_size: 0
2022/09/08-22:17:53.172815 5ea4 [db\column_family.cc:607] --------------- Options for column family []:
2022/09/08-22:17:53.172820 5ea4               Options.comparator: leveldb.BytewiseComparator
2022/09/08-22:17:53.172824 5ea4           Options.merge_operator: None
2022/09/08-22:17:53.172827 5ea4        Options.compaction_filter: None
2022/09/08-22:17:53.172831 5ea4        Options.compaction_filter_factory: None
2022/09/08-22:17:53.172834 5ea4  Options.sst_partitioner_factory: None
2022/09/08-22:17:53.172838 5ea4         Options.memtable_factory: SkipListFactory
2022/09/08-22:17:53.172841 5ea4            Options.table_factory: BlockBasedTable
2022/09/08-22:17:53.172857 5ea4            table_factory options:   flush_block_policy_factory: FlushBlockBySizePolicyFactory (000002143ECA03B0)
  cache_index_and_filter_blocks: 1
  cache_index_and_filter_blocks_with_high_priority: 1
  pin_l0_filter_and_index_blocks_in_cache: 0
  pin_top_level_index_and_filter: 1
  index_type: 0
  data_block_index_type: 0
  index_shortening: 1
  data_block_hash_table_util_ratio: 0.750000
  hash_index_allow_collision: 1
  checksum: 1
  no_block_cache: 0
  block_cache: 000002143F714E90
  block_cache_name: LRUCache
  block_cache_options:
    capacity : 134217728
    num_shard_bits : 6
    strict_capacity_limit : 0
    memory_allocator : None
    high_pri_pool_ratio: 0.000
  block_cache_compressed: 0000000000000000
  persistent_cache: 0000000000000000
  block_size: 32768
  block_size_deviation: 10
  block_restart_interval: 16
  index_block_restart_interval: 1
  metadata_block_size: 4096
  partition_filters: 0
  use_delta_encoding: 1
  filter_policy: nullptr
  whole_key_filtering: 1
  verify_compression: 0
  read_amp_bytes_per_bit: 0
  format_version: 5
  enable_index_compression: 1
  block_align: 0
  max_auto_readahead_size: 262144
  prepopulate_block_cache: 0
2022/09/08-22:17:53.172863 5ea4        Options.write_buffer_size: 67108864
2022/09/08-22:17:53.172867 5ea4  Options.max_write_buffer_number: 2
2022/09/08-22:17:53.172870 5ea4          Options.compression: Snappy
2022/09/08-22:17:53.172874 5ea4                  Options.bottommost_compression: Disabled
2022/09/08-22:17:53.172878 5ea4       Options.prefix_extractor: nullptr
2022/09/08-22:17:53.172881 5ea4   Options.memtable_insert_with_hint_prefix_extractor: nullptr
2022/09/08-22:17:53.172885 5ea4             Options.num_levels: 7
2022/09/08-22:17:53.172888 5ea4        Options.min_write_buffer_number_to_merge: 1
2022/09/08-22:17:53.172892 5ea4     Options.max_write_buffer_number_to_maintain: 0
2022/09/08-22:17:53.172895 5ea4     Options.max_write_buffer_size_to_maintain: 134217728
2022/09/08-22:17:53.172899 5ea4            Options.bottommost_compression_opts.window_bits: -14
2022/09/08-22:17:53.172903 5ea4                  Options.bottommost_compression_opts.level: 32767
2022/09/08-22:17:53.172907 5ea4               Options.bottommost_compression_opts.strategy: 0
2022/09/08-22:17:53.172910 5ea4         Options.bottommost_compression_opts.max_dict_bytes: 0
2022/09/08-22:17:53.172914 5ea4         Options.bottommost_compression_opts.zstd_max_train_bytes: 0
2022/09/08-22:17:53.172917 5ea4         Options.bottommost_compression_opts.parallel_threads: 1
2022/09/08-22:17:53.172921 5ea4                  Options.bottommost_compression_opts.enabled: false
2022/09/08-22:17:53.172925 5ea4         Options.bottommost_compression_opts.max_dict_buffer_bytes: 0
2022/09/08-22:17:53.172928 5ea4            Options.compression_opts.window_bits: -14
2022/09/08-22:17:53.172932 5ea4                  Options.compression_opts.level: 32767
2022/09/08-22:17:53.172935 5ea4               Options.compression_opts.strategy: 0
2022/09/08-22:17:53.172939 5ea4         Options.compression_opts.max_dict_bytes: 0
2022/09/08-22:17:53.172943 5ea4         Options.compression_opts.zstd_max_train_bytes: 0
2022/09/08-22:17:53.172946 5ea4         Options.compression_opts.parallel_threads: 1
2022/09/08-22:17:53.172950 5ea4                  Options.compression_opts.enabled: false
2022/09/08-22:17:53.172953 5ea4         Options.compression_opts.max_dict_buffer_bytes: 0
2022/09/08-22:17:53.172957 5ea4      Options.level0_file_num_compaction_trigger: 4
2022/09/08-22:17:53.172961 5ea4          Options.level0_slowdown_writes_trigger: 20
2022/09/08-22:17:53.172964 5ea4              Options.level0_stop_writes_trigger: 36
2022/09/08-22:17:53.172968 5ea4                   Options.target_file_size_base: 67108864
2022/09/08-22:17:53.172971 5ea4             Options.target_file_size_multiplier: 1
2022/09/08-22:17:53.172975 5ea4                Options.max_bytes_for_level_base: 268435456
2022/09/08-22:17:53.172978 5ea4 Options.level_compaction_dynamic_level_bytes: 0
