2022/09/09-08:55:20.051111 621c RocksDB version: 6.29.5
2022/09/09-08:55:20.051214 621c Git sha da11a59034584ea2d0911268b8136e5249d6b692
2022/09/09-08:55:20.051230 621c Compile date 2022-03-30 20:36:34
2022/09/09-08:55:20.051243 621c DB SUMMARY
2022/09/09-08:55:20.051255 621c DB Session ID:  5KK8NXGRT4Q4W2P441VI
2022/09/09-08:55:20.052847 621c CURRENT file:  CURRENT
2022/09/09-08:55:20.052868 621c IDENTITY file:  IDENTITY
2022/09/09-08:55:20.052961 621c MANIFEST file:  MANIFEST-000167 size: 1392 Bytes
2022/09/09-08:55:20.052974 621c SST files in C:\Users\Admin\Documents\IBFT\Node-3\data\database dir, Total Num: 4, files: 000052.sst 000137.sst 000143.sst 000166.sst 
2022/09/09-08:55:20.052984 621c Write Ahead Log file in C:\Users\Admin\Documents\IBFT\Node-3\data\database: 000005.log size: 61785 ; 000054.log size: 1413 ; 000082.log size: 664777 ; 000110.log size: 1512 ; 000139.log size: 2628340 ; 000168.log size: 220069 ; 
2022/09/09-08:55:20.053102 621c                         Options.error_if_exists: 0
2022/09/09-08:55:20.053110 621c                       Options.create_if_missing: 1
2022/09/09-08:55:20.053113 621c                         Options.paranoid_checks: 1
2022/09/09-08:55:20.053117 621c             Options.flush_verify_memtable_count: 1
2022/09/09-08:55:20.053121 621c                               Options.track_and_verify_wals_in_manifest: 0
2022/09/09-08:55:20.053125 621c                                     Options.env: 00000145145978E0
2022/09/09-08:55:20.053129 621c                                      Options.fs: WinFS
2022/09/09-08:55:20.053132 621c                                Options.info_log: 000001451476C470
2022/09/09-08:55:20.053136 621c                Options.max_file_opening_threads: 16
2022/09/09-08:55:20.053140 621c                              Options.statistics: 0000014514ECD1C0
2022/09/09-08:55:20.053143 621c                               Options.use_fsync: 0
2022/09/09-08:55:20.053147 621c                       Options.max_log_file_size: 0
2022/09/09-08:55:20.053151 621c                  Options.max_manifest_file_size: 1073741824
2022/09/09-08:55:20.053154 621c                   Options.log_file_time_to_roll: 0
2022/09/09-08:55:20.053158 621c                       Options.keep_log_file_num: 1000
2022/09/09-08:55:20.053162 621c                    Options.recycle_log_file_num: 0
2022/09/09-08:55:20.053165 621c                         Options.allow_fallocate: 1
2022/09/09-08:55:20.053169 621c                        Options.allow_mmap_reads: 0
2022/09/09-08:55:20.053172 621c                       Options.allow_mmap_writes: 0
2022/09/09-08:55:20.053176 621c                        Options.use_direct_reads: 0
2022/09/09-08:55:20.053180 621c                        Options.use_direct_io_for_flush_and_compaction: 0
2022/09/09-08:55:20.053183 621c          Options.create_missing_column_families: 1
2022/09/09-08:55:20.053187 621c                              Options.db_log_dir: 
2022/09/09-08:55:20.053190 621c                                 Options.wal_dir: 
2022/09/09-08:55:20.053194 621c                Options.table_cache_numshardbits: 6
2022/09/09-08:55:20.053197 621c                         Options.WAL_ttl_seconds: 0
2022/09/09-08:55:20.053201 621c                       Options.WAL_size_limit_MB: 0
2022/09/09-08:55:20.053205 621c                        Options.max_write_batch_group_size_bytes: 1048576
2022/09/09-08:55:20.053208 621c             Options.manifest_preallocation_size: 4194304
2022/09/09-08:55:20.053212 621c                     Options.is_fd_close_on_exec: 1
2022/09/09-08:55:20.053216 621c                   Options.advise_random_on_open: 1
2022/09/09-08:55:20.053219 621c                   Options.experimental_mempurge_threshold: 0.000000
2022/09/09-08:55:20.053224 621c                    Options.db_write_buffer_size: 0
2022/09/09-08:55:20.053228 621c                    Options.write_buffer_manager: 0000014513607510
2022/09/09-08:55:20.053232 621c         Options.access_hint_on_compaction_start: 1
2022/09/09-08:55:20.053235 621c  Options.new_table_reader_for_compaction_inputs: 0
2022/09/09-08:55:20.053239 621c           Options.random_access_max_buffer_size: 1048576
2022/09/09-08:55:20.053264 621c                      Options.use_adaptive_mutex: 0
2022/09/09-08:55:20.053269 621c                            Options.rate_limiter: 0000000000000000
2022/09/09-08:55:20.053273 621c     Options.sst_file_manager.rate_bytes_per_sec: 0
2022/09/09-08:55:20.053277 621c                       Options.wal_recovery_mode: 2
2022/09/09-08:55:20.053280 621c                  Options.enable_thread_tracking: 0
2022/09/09-08:55:20.053284 621c                  Options.enable_pipelined_write: 0
2022/09/09-08:55:20.053288 621c                  Options.unordered_write: 0
2022/09/09-08:55:20.053291 621c         Options.allow_concurrent_memtable_write: 1
2022/09/09-08:55:20.053295 621c      Options.enable_write_thread_adaptive_yield: 1
2022/09/09-08:55:20.053298 621c             Options.write_thread_max_yield_usec: 100
2022/09/09-08:55:20.053302 621c            Options.write_thread_slow_yield_usec: 3
2022/09/09-08:55:20.053305 621c                               Options.row_cache: None
2022/09/09-08:55:20.053309 621c                              Options.wal_filter: None
2022/09/09-08:55:20.053313 621c             Options.avoid_flush_during_recovery: 0
2022/09/09-08:55:20.053317 621c             Options.allow_ingest_behind: 0
2022/09/09-08:55:20.053320 621c             Options.preserve_deletes: 0
2022/09/09-08:55:20.053324 621c             Options.two_write_queues: 0
2022/09/09-08:55:20.053327 621c             Options.manual_wal_flush: 0
2022/09/09-08:55:20.053331 621c             Options.atomic_flush: 0
2022/09/09-08:55:20.053334 621c             Options.avoid_unnecessary_blocking_io: 0
2022/09/09-08:55:20.053338 621c                 Options.persist_stats_to_disk: 0
2022/09/09-08:55:20.053341 621c                 Options.write_dbid_to_manifest: 0
2022/09/09-08:55:20.053345 621c                 Options.log_readahead_size: 0
2022/09/09-08:55:20.053349 621c                 Options.file_checksum_gen_factory: Unknown
2022/09/09-08:55:20.053353 621c                 Options.best_efforts_recovery: 0
2022/09/09-08:55:20.053356 621c                Options.max_bgerror_resume_count: 2147483647
2022/09/09-08:55:20.053360 621c            Options.bgerror_resume_retry_interval: 1000000
2022/09/09-08:55:20.053363 621c             Options.allow_data_in_errors: 0
2022/09/09-08:55:20.053367 621c             Options.db_host_id: __hostname__
2022/09/09-08:55:20.053371 621c             Options.max_background_jobs: 2
2022/09/09-08:55:20.053374 621c             Options.max_background_compactions: 4
2022/09/09-08:55:20.053378 621c             Options.max_subcompactions: 1
2022/09/09-08:55:20.053381 621c             Options.avoid_flush_during_shutdown: 0
2022/09/09-08:55:20.053385 621c           Options.writable_file_max_buffer_size: 1048576
2022/09/09-08:55:20.053389 621c             Options.delayed_write_rate : 16777216
2022/09/09-08:55:20.053392 621c             Options.max_total_wal_size: 0
2022/09/09-08:55:20.053396 621c             Options.delete_obsolete_files_period_micros: 21600000000
2022/09/09-08:55:20.053400 621c                   Options.stats_dump_period_sec: 600
2022/09/09-08:55:20.053403 621c                 Options.stats_persist_period_sec: 600
2022/09/09-08:55:20.053407 621c                 Options.stats_history_buffer_size: 1048576
2022/09/09-08:55:20.053411 621c                          Options.max_open_files: 1024
2022/09/09-08:55:20.053414 621c                          Options.bytes_per_sync: 0
2022/09/09-08:55:20.053418 621c                      Options.wal_bytes_per_sync: 0
2022/09/09-08:55:20.053421 621c                   Options.strict_bytes_per_sync: 0
2022/09/09-08:55:20.053425 621c       Options.compaction_readahead_size: 0
2022/09/09-08:55:20.053429 621c                  Options.max_background_flushes: -1
2022/09/09-08:55:20.053434 621c Compression algorithms supported:
2022/09/09-08:55:20.053444 621c 	kZSTD supported: 1
2022/09/09-08:55:20.053449 621c 	kSnappyCompression supported: 1
2022/09/09-08:55:20.053453 621c 	kBZip2Compression supported: 0
2022/09/09-08:55:20.053473 621c 	kZlibCompression supported: 1
2022/09/09-08:55:20.053478 621c 	kLZ4Compression supported: 1
2022/09/09-08:55:20.053482 621c 	kXpressCompression supported: 0
2022/09/09-08:55:20.053485 621c 	kLZ4HCCompression supported: 1
2022/09/09-08:55:20.053489 621c 	kZSTDNotFinalCompression supported: 1
2022/09/09-08:55:20.053494 621c Fast CRC32 supported: Not supported on x86
2022/09/09-08:55:20.054428 621c [db\version_set.cc:4889] Recovering from manifest file: C:\Users\Admin\Documents\IBFT\Node-3\data\database/MANIFEST-000167
2022/09/09-08:55:20.055014 621c [db\column_family.cc:607] --------------- Options for column family [default]:
2022/09/09-08:55:20.055029 621c               Options.comparator: leveldb.BytewiseComparator
2022/09/09-08:55:20.055033 621c           Options.merge_operator: None
2022/09/09-08:55:20.055037 621c        Options.compaction_filter: None
2022/09/09-08:55:20.055044 621c        Options.compaction_filter_factory: None
2022/09/09-08:55:20.055048 621c  Options.sst_partitioner_factory: None
2022/09/09-08:55:20.055051 621c         Options.memtable_factory: SkipListFactory
2022/09/09-08:55:20.055055 621c            Options.table_factory: BlockBasedTable
2022/09/09-08:55:20.055083 621c            table_factory options:   flush_block_policy_factory: FlushBlockBySizePolicyFactory (00000145134CA7F0)
  cache_index_and_filter_blocks: 1
  cache_index_and_filter_blocks_with_high_priority: 1
  pin_l0_filter_and_index_blocks_in_cache: 0
  pin_top_level_index_and_filter: 1
  index_type: 0
  data_block_index_type: 0
  index_shortening: 1
  data_block_hash_table_util_ratio: 0.750000
  hash_index_allow_collision: 1
  checksum: 1
  no_block_cache: 0
  block_cache: 00000145145FCAB0
  block_cache_name: LRUCache
  block_cache_options:
    capacity : 134217728
    num_shard_bits : 6
    strict_capacity_limit : 0
    memory_allocator : None
    high_pri_pool_ratio: 0.000
  block_cache_compressed: 0000000000000000
  persistent_cache: 0000000000000000
  block_size: 32768
  block_size_deviation: 10
  block_restart_interval: 16
  index_block_restart_interval: 1
  metadata_block_size: 4096
  partition_filters: 0
  use_delta_encoding: 1
  filter_policy: nullptr
  whole_key_filtering: 1
  verify_compression: 0
  read_amp_bytes_per_bit: 0
  format_version: 5
  enable_index_compression: 1
  block_align: 0
  max_auto_readahead_size: 262144
  prepopulate_block_cache: 0
2022/09/09-08:55:20.055088 621c        Options.write_buffer_size: 67108864
2022/09/09-08:55:20.055092 621c  Options.max_write_buffer_number: 2
2022/09/09-08:55:20.055095 621c          Options.compression: Snappy
2022/09/09-08:55:20.055099 621c                  Options.bottommost_compression: Disabled
2022/09/09-08:55:20.055103 621c       Options.prefix_extractor: nullptr
2022/09/09-08:55:20.055106 621c   Options.memtable_insert_with_hint_prefix_extractor: nullptr
2022/09/09-08:55:20.055110 621c             Options.num_levels: 7
2022/09/09-08:55:20.055113 621c        Options.min_write_buffer_number_to_merge: 1
2022/09/09-08:55:20.055117 621c     Options.max_write_buffer_number_to_maintain: 0
2022/09/09-08:55:20.055121 621c     Options.max_write_buffer_size_to_maintain: 134217728
2022/09/09-08:55:20.055124 621c            Options.bottommost_compression_opts.window_bits: -14
2022/09/09-08:55:20.055128 621c                  Options.bottommost_compression_opts.level: 32767
2022/09/09-08:55:20.055132 621c               Options.bottommost_compression_opts.strategy: 0
2022/09/09-08:55:20.055135 621c         Options.bottommost_compression_opts.max_dict_bytes: 0
2022/09/09-08:55:20.055139 621c         Options.bottommost_compression_opts.zstd_max_train_bytes: 0
2022/09/09-08:55:20.055144 621c         Options.bottommost_compression_opts.parallel_threads: 1
2022/09/09-08:55:20.055147 621c                  Options.bottommost_compression_opts.enabled: false
2022/09/09-08:55:20.055151 621c         Options.bottommost_compression_opts.max_dict_buffer_bytes: 0
2022/09/09-08:55:20.055155 621c            Options.compression_opts.window_bits: -14
2022/09/09-08:55:20.055158 621c                  Options.compression_opts.level: 32767
2022/09/09-08:55:20.055163 621c               Options.compression_opts.strategy: 0
2022/09/09-08:55:20.055168 621c         Options.compression_opts.max_dict_bytes: 0
2022/09/09-08:55:20.055172 621c         Options.compression_opts.zstd_max_train_bytes: 0
2022/09/09-08:55:20.055176 621c         Options.compression_opts.parallel_threads: 1
2022/09/09-08:55:20.055179 621c                  Options.compression_opts.enabled: false
2022/09/09-08:55:20.055182 621c         Options.compression_opts.max_dict_buffer_bytes: 0
2022/09/09-08:55:20.055186 621c      Options.level0_file_num_compaction_trigger: 4
2022/09/09-08:55:20.055190 621c          Options.level0_slowdown_writes_trigger: 20
2022/09/09-08:55:20.055193 621c              Options.level0_stop_writes_trigger: 36
2022/09/09-08:55:20.055197 621c                   Options.target_file_size_base: 67108864
2022/09/09-08:55:20.055201 621c             Options.target_file_size_multiplier: 1
2022/09/09-08:55:20.055204 621c                Options.max_bytes_for_level_base: 268435456
2022/09/09-08:55:20.055208 621c Options.level_compaction_dynamic_level_bytes: 0
2022/09/09-08:55:20.055211 621c          Options.max_bytes_for_level_multiplier: 10.000000
2022/09/09-08:55:20.055215 621c Options.max_bytes_for_level_multiplier_addtl[0]: 1
2022/09/09-08:55:20.055220 621c Options.max_bytes_for_level_multiplier_addtl[1]: 1
2022/09/09-08:55:20.055223 621c Options.max_bytes_for_level_multiplier_addtl[2]: 1
2022/09/09-08:55:20.055227 621c Options.max_bytes_for_level_multiplier_addtl[3]: 1
2022/09/09-08:55:20.055231 621c Options.max_bytes_for_level_multiplier_addtl[4]: 1
2022/09/09-08:55:20.055234 621c Options.max_bytes_for_level_multiplier_addtl[5]: 1
2022/09/09-08:55:20.055238 621c Options.max_bytes_for_level_multiplier_addtl[6]: 1
2022/09/09-08:55:20.055241 621c       Options.max_sequential_skip_in_iterations: 8
2022/09/09-08:55:20.055245 621c                    Options.max_compaction_bytes: 1677721600
2022/09/09-08:55:20.055248 621c                        Options.arena_block_size: 1048576
2022/09/09-08:55:20.055252 621c   Options.soft_pending_compaction_bytes_limit: 68719476736
2022/09/09-08:55:20.055256 621c   Options.hard_pending_compaction_bytes_limit: 274877906944
2022/09/09-08:55:20.055259 621c       Options.rate_limit_delay_max_milliseconds: 100
2022/09/09-08:55:20.055263 621c                Options.disable_auto_compactions: 1
2022/09/09-08:55:20.055267 621c                        Options.compaction_style: kCompactionStyleLevel
2022/09/09-08:55:20.055271 621c                          Options.compaction_pri: kMinOverlappingRatio
2022/09/09-08:55:20.055275 621c Options.compaction_options_universal.size_ratio: 1
2022/09/09-08:55:20.055279 621c Options.compaction_options_universal.min_merge_width: 2
2022/09/09-08:55:20.055282 621c Options.compaction_options_universal.max_merge_width: 4294967295
2022/09/09-08:55:20.055286 621c Options.compaction_options_universal.max_size_amplification_percent: 200
2022/09/09-08:55:20.055290 621c Options.compaction_options_universal.compression_size_percent: -1
2022/09/09-08:55:20.055294 621c Options.compaction_options_universal.stop_style: kCompactionStopStyleTotalSize
2022/09/09-08:55:20.055297 621c Options.compaction_options_fifo.max_table_files_size: 1073741824
2022/09/09-08:55:20.055301 621c Options.compaction_options_fifo.allow_compaction: 0
2022/09/09-08:55:20.055306 621c                   Options.table_properties_collectors: 
2022/09/09-08:55:20.055310 621c                   Options.inplace_update_support: 0
2022/09/09-08:55:20.055314 621c                 Options.inplace_update_num_locks: 10000
2022/09/09-08:55:20.055317 621c               Options.memtable_prefix_bloom_size_ratio: 0.000000
2022/09/09-08:55:20.055321 621c               Options.memtable_whole_key_filtering: 0
2022/09/09-08:55:20.055325 621c   Options.memtable_huge_page_size: 0
2022/09/09-08:55:20.055328 621c                           Options.bloom_locality: 0
2022/09/09-08:55:20.055332 621c                    Options.max_successive_merges: 0
2022/09/09-08:55:20.055360 621c                Options.optimize_filters_for_hits: 0
2022/09/09-08:55:20.055365 621c                Options.paranoid_file_checks: 0
2022/09/09-08:55:20.055369 621c                Options.force_consistency_checks: 1
2022/09/09-08:55:20.055373 621c                Options.report_bg_io_stats: 0
2022/09/09-08:55:20.055376 621c                               Options.ttl: 0
2022/09/09-08:55:20.055380 621c          Options.periodic_compaction_seconds: 0
2022/09/09-08:55:20.055383 621c                       Options.enable_blob_files: false
2022/09/09-08:55:20.055387 621c                           Options.min_blob_size: 0
2022/09/09-08:55:20.055390 621c                          Options.blob_file_size: 268435456
2022/09/09-08:55:20.055394 621c                   Options.blob_compression_type: NoCompression
2022/09/09-08:55:20.055398 621c          Options.enable_blob_garbage_collection: false
2022/09/09-08:55:20.055401 621c      Options.blob_garbage_collection_age_cutoff: 0.250000
2022/09/09-08:55:20.055406 621c Options.blob_garbage_collection_force_threshold: 1.000000
2022/09/09-08:55:20.055410 621c          Options.blob_compaction_readahead_size: 0
2022/09/09-08:55:20.055920 621c [db\column_family.cc:607] --------------- Options for column family []:
2022/09/09-08:55:20.055932 621c               Options.comparator: leveldb.BytewiseComparator
2022/09/09-08:55:20.055939 621c           Options.merge_operator: None
2022/09/09-08:55:20.055944 621c        Options.compaction_filter: None
2022/09/09-08:55:20.055949 621c        Options.compaction_filter_factory: None
2022/09/09-08:55:20.055954 621c  Options.sst_partitioner_factory: None
2022/09/09-08:55:20.055959 621c         Options.memtable_factory: SkipListFactory
2022/09/09-08:55:20.055964 621c            Options.table_factory: BlockBasedTable
2022/09/09-08:55:20.055987 621c            table_factory options:   flush_block_policy_factory: FlushBlockBySizePolicyFactory (00000145134C9BC0)
  cache_index_and_filter_blocks: 1
  cache_index_and_filter_blocks_with_high_priority: 1
  pin_l0_filter_and_index_blocks_in_cache: 0
  pin_top_level_index_and_filter: 1
  index_type: 0
  data_block_index_type: 0
  index_shortening: 1
  data_block_hash_table_util_ratio: 0.750000
  hash_index_allow_collision: 1
  checksum: 1
  no_block_cache: 0
  block_cache: 00000145145FC7B0
  block_cache_name: LRUCache
  block_cache_options:
    capacity : 134217728
    num_shard_bits : 6
    strict_capacity_limit : 0
    memory_allocator : None
    high_pri_pool_ratio: 0.000
  block_cache_compressed: 0000000000000000
  persistent_cache: 0000000000000000
  block_size: 32768
  block_size_deviation: 10
  block_restart_interval: 16
  index_block_restart_interval: 1
  metadata_block_size: 4096
  partition_filters: 0
  use_delta_encoding: 1
  filter_policy: nullptr
  whole_key_filtering: 1
  verify_compression: 0
  read_amp_bytes_per_bit: 0
  format_version: 5
  enable_index_compression: 1
  block_align: 0
  max_auto_readahead_size: 262144
  prepopulate_block_cache: 0
2022/09/09-08:55:20.055992 621c        Options.write_buffer_size: 67108864
2022/09/09-08:55:20.055999 621c  Options.max_write_buffer_number: 2
2022/09/09-08:55:20.056003 621c          Options.compression: Snappy
2022/09/09-08:55:20.056007 621c                  Options.bottommost_compression: Disabled
2022/09/09-08:55:20.056010 621c       Options.prefix_extractor: nullptr
2022/09/09-08:55:20.056014 621c   Options.memtable_insert_with_hint_prefix_extractor: nullptr
2022/09/09-08:55:20.056018 621c             Options.num_levels: 7
2022/09/09-08:55:20.056021 621c        Options.min_write_buffer_number_to_merge: 1
2022/09/09-08:55:20.056025 621c     Options.max_write_buffer_number_to_maintain: 0
2022/09/09-08:55:20.056028 621c     Options.max_write_buffer_size_to_maintain: 134217728
2022/09/09-08:55:20.056032 621c            Options.bottommost_compression_opts.window_bits: -14
2022/09/09-08:55:20.056036 621c                  Options.bottommost_compression_opts.level: 32767
2022/09/09-08:55:20.056039 621c               Options.bottommost_compression_opts.strategy: 0
2022/09/09-08:55:20.056045 621c         Options.bottommost_compression_opts.max_dict_bytes: 0
2022/09/09-08:55:20.056049 621c         Options.bottommost_compression_opts.zstd_max_train_bytes: 0
2022/09/09-08:55:20.056053 621c         Options.bottommost_compression_opts.parallel_threads: 1
2022/09/09-08:55:20.056056 621c                  Options.bottommost_compression_opts.enabled: false
2022/09/09-08:55:20.056060 621c         Options.bottommost_compression_opts.max_dict_buffer_bytes: 0
2022/09/09-08:55:20.056064 621c            Options.compression_opts.window_bits: -14
2022/09/09-08:55:20.056067 621c                  Options.compression_opts.level: 32767
2022/09/09-08:55:20.056071 621c               Options.compression_opts.strategy: 0
2022/09/09-08:55:20.056074 621c         Options.compression_opts.max_dict_bytes: 0
2022/09/09-08:55:20.056078 621c         Options.compression_opts.zstd_max_train_bytes: 0
2022/09/09-08:55:20.056082 621c         Options.compression_opts.parallel_threads: 1
2022/09/09-08:55:20.056086 621c                  Options.compression_opts.enabled: false
2022/09/09-08:55:20.056089 621c         Options.compression_opts.max_dict_buffer_bytes: 0
2022/09/09-08:55:20.056093 621c      Options.level0_file_num_compaction_trigger: 4
2022/09/09-08:55:20.056096 621c          Options.level0_slowdown_writes_trigger: 20
2022/09/09-08:55:20.056100 621c              Options.level0_stop_writes_trigger: 36
2022/09/09-08:55:20.056103 621c                   Options.target_file_size_base: 67108864
2022/09/09-08:55:20.056107 621c             Options.target_file_size_multiplier: 1
2022/09/09-08:55:20.056111 621c                Options.max_bytes_for_level_base: 268435456
2022/09/09-08:55:20.056114 621c Options.level_compaction_dynamic_level_bytes: 0
2022/09/09-08:55:20.056118 621c          Options.max_bytes_for_level_multiplier: 10.000000
2022/09/09-08:55:20.056122 621c Options.max_bytes_for_level_multiplier_addtl[0]: 1
2022/09/09-08:55:20.056126 621c Options.max_bytes_for_level_multiplier_addtl[1]: 1
2022/09/09-08:55:20.056129 621c Options.max_bytes_for_level_multiplier_addtl[2]: 1
2022/09/09-08:55:20.056133 621c Options.max_bytes_for_level_multiplier_addtl[3]: 1
2022/09/09-08:55:20.056136 621c Options.max_bytes_for_level_multiplier_addtl[4]: 1
2022/09/09-08:55:20.056140 621c Options.max_bytes_for_level_multiplier_addtl[5]: 1
2022/09/09-08:55:20.056144 621c Options.max_bytes_for_level_multiplier_addtl[6]: 1
2022/09/09-08:55:20.056147 621c       Options.max_sequential_skip_in_iterations: 8
2022/09/09-08:55:20.056151 621c                    Options.max_compaction_bytes: 1677721600
2022/09/09-08:55:20.056155 621c                        Options.arena_block_size: 1048576
2022/09/09-08:55:20.056158 621c   Options.soft_pending_compaction_bytes_limit: 68719476736
2022/09/09-08:55:20.056162 621c   Options.hard_pending_compaction_bytes_limit: 274877906944
2022/09/09-08:55:20.056166 621c       Options.rate_limit_delay_max_milliseconds: 100
2022/09/09-08:55:20.056169 621c                Options.disable_auto_compactions: 1
2022/09/09-08:55:20.056173 621c                        Options.compaction_style: kCompactionStyleLevel
2022/09/09-08:55:20.056177 621c                          Options.compaction_pri: kMinOverlappingRatio
2022/09/09-08:55:20.056181 621c Options.compaction_options_universal.size_ratio: 1
2022/09/09-08:55:20.056185 621c Options.compaction_options_universal.min_merge_width: 2
2022/09/09-08:55:20.056188 621c Options.compaction_options_universal.max_merge_width: 4294967295
2022/09/09-08:55:20.056192 621c Options.compaction_options_universal.max_size_amplification_percent: 200
2022/09/09-08:55:20.056196 621c Options.compaction_options_universal.compression_size_percent: -1
2022/09/09-08:55:20.056200 621c Options.compaction_options_universal.stop_style: kCompactionStopStyleTotalSize
2022/09/09-08:55:20.056204 621c Options.compaction_options_fifo.max_table_files_size: 1073741824
2022/09/09-08:55:20.056208 621c Options.compaction_options_fifo.allow_compaction: 0
2022/09/09-08:55:20.056213 621c                   Options.table_properties_collectors: 
2022/09/09-08:55:20.056218 621c                   Options.inplace_update_support: 0
2022/09/09-08:55:20.056221 621c                 Options.inplace_update_num_locks: 10000
2022/09/09-08:55:20.056225 621c               Options.memtable_prefix_bloom_size_ratio: 0.000000
2022/09/09-08:55:20.056229 621c               Options.memtable_whole_key_filtering: 0
2022/09/09-08:55:20.056233 621c   Options.memtable_huge_page_size: 0
2022/09/09-08:55:20.056236 621c                           Options.bloom_locality: 0
2022/09/09-08:55:20.056240 621c                    Options.max_successive_merges: 0
2022/09/09-08:55:20.056243 621c                Options.optimize_filters_for_hits: 0
2022/09/09-08:55:20.056247 621c                Options.paranoid_file_checks: 0
2022/09/09-08:55:20.056251 621c                Options.force_consistency_checks: 1
2022/09/09-08:55:20.056254 621c                Options.report_bg_io_stats: 0
2022/09/09-08:55:20.056258 621c                               Options.ttl: 0
2022/09/09-08:55:20.056261 621c          Options.periodic_compaction_seconds: 0
2022/09/09-08:55:20.056265 621c                       Options.enable_blob_files: false
2022/09/09-08:55:20.056268 621c                           Options.min_blob_size: 0
2022/09/09-08:55:20.056272 621c                          Options.blob_file_size: 268435456
2022/09/09-08:55:20.056276 621c                   Options.blob_compression_type: NoCompression
2022/09/09-08:55:20.056279 621c          Options.enable_blob_garbage_collection: false
2022/09/09-08:55:20.056283 621c      Options.blob_garbage_collection_age_cutoff: 0.250000
2022/09/09-08:55:20.056287 621c Options.blob_garbage_collection_force_threshold: 1.000000
2022/09/09-08:55:20.056291 621c          Options.blob_compaction_readahead_size: 0
2022/09/09-08:55:20.056374 621c [db\column_family.cc:607] --------------- Options for column family []:
2022/09/09-08:55:20.056380 621c               Options.comparator: leveldb.BytewiseComparator
2022/09/09-08:55:20.056384 621c           Options.merge_operator: None
2022/09/09-08:55:20.056388 621c        Options.compaction_filter: None
2022/09/09-08:55:20.056391 621c        Options.compaction_filter_factory: None
2022/09/09-08:55:20.056395 621c  Options.sst_partitioner_factory: None
2022/09/09-08:55:20.056399 621c         Options.memtable_factory: SkipListFactory
2022/09/09-08:55:20.056402 621c            Options.table_factory: BlockBasedTable
2022/09/09-08:55:20.056421 621c            table_factory options:   flush_block_policy_factory: FlushBlockBySizePolicyFactory (00000145134C9C50)
  cache_index_and_filter_blocks: 1
  cache_index_and_filter_blocks_with_high_priority: 1
  pin_l0_filter_and_index_blocks_in_cache: 0
  pin_top_level_index_and_filter: 1
  index_type: 0
  data_block_index_type: 0
  index_shortening: 1
  data_block_hash_table_util_ratio: 0.750000
  hash_index_allow_collision: 1
  checksum: 1
  no_block_cache: 0
  block_cache: 00000145145FCCF0
  block_cache_name: LRUCache
  block_cache_options:
    capacity : 134217728
    num_shard_bits : 6
    strict_capacity_limit : 0
    memory_allocator : None
    high_pri_pool_ratio: 0.000
  block_cache_compressed: 0000000000000000
  persistent_cache: 0000000000000000
  block_size: 32768
  block_size_deviation: 10
  block_restart_interval: 16
  index_block_restart_interval: 1
  metadata_block_size: 4096
  partition_filters: 0
  use_delta_encoding: 1
  filter_policy: nullptr
  whole_key_filtering: 1
  verify_compression: 0
  read_amp_bytes_per_bit: 0
  format_version: 5
  enable_index_compression: 1
  block_align: 0
  max_auto_readahead_size: 262144
  prepopulate_block_cache: 0
2022/09/09-08:55:20.056426 621c        Options.write_buffer_size: 67108864
2022/09/09-08:55:20.056430 621c  Options.max_write_buffer_number: 2
2022/09/09-08:55:20.056433 621c          Options.compression: Snappy
2022/09/09-08:55:20.056437 621c                  Options.bottommost_compression: Disabled
2022/09/09-08:55:20.056441 621c       Options.prefix_extractor: nullptr
2022/09/09-08:55:20.056445 621c   Options.memtable_insert_with_hint_prefix_extractor: nullptr
2022/09/09-08:55:20.056449 621c             Options.num_levels: 7
2022/09/09-08:55:20.056453 621c        Options.min_write_buffer_number_to_merge: 1
2022/09/09-08:55:20.056456 621c     Options.max_write_buffer_number_to_maintain: 0
2022/09/09-08:55:20.056460 621c     Options.max_write_buffer_size_to_maintain: 134217728
2022/09/09-08:55:20.056464 621c            Options.bottommost_compression_opts.window_bits: -14
2022/09/09-08:55:20.056468 621c                  Options.bottommost_compression_opts.level: 32767
2022/09/09-08:55:20.056471 621c               Options.bottommost_compression_opts.strategy: 0
2022/09/09-08:55:20.056475 621c         Options.bottommost_compression_opts.max_dict_bytes: 0
2022/09/09-08:55:20.056479 621c         Options.bottommost_compression_opts.zstd_max_train_bytes: 0
2022/09/09-08:55:20.056482 621c         Options.bottommost_compression_opts.parallel_threads: 1
2022/09/09-08:55:20.056486 621c                  Options.bottommost_compression_opts.enabled: false
2022/09/09-08:55:20.056490 621c         Options.bottommost_compression_opts.max_dict_buffer_bytes: 0
2022/09/09-08:55:20.056493 621c            Options.compression_opts.window_bits: -14
2022/09/09-08:55:20.056497 621c                  Options.compression_opts.level: 32767
2022/09/09-08:55:20.056500 621c               Options.compression_opts.strategy: 0
2022/09/09-08:55:20.056504 621c         Options.compression_opts.max_dict_bytes: 0
2022/09/09-08:55:20.056508 621c         Options.compression_opts.zstd_max_train_bytes: 0
2022/09/09-08:55:20.056511 621c         Options.compression_opts.parallel_threads: 1
2022/09/09-08:55:20.056514 621c                  Options.compression_opts.enabled: false
2022/09/09-08:55:20.056518 621c         Options.compression_opts.max_dict_buffer_bytes: 0
2022/09/09-08:55:20.056522 621c      Options.level0_file_num_compaction_trigger: 4
2022/09/09-08:55:20.056525 621c          Options.level0_slowdown_writes_trigger: 20
2022/09/09-08:55:20.056529 621c              Options.level0_stop_writes_trigger: 36
2022/09/09-08:55:20.056532 621c                   Options.target_file_size_base: 67108864
2022/09/09-08:55:20.056536 621c             Options.target_file_size_multiplier: 1
2022/09/09-08:55:20.056540 621c                Options.max_bytes_for_level_base: 268435456
2022/09/09-08:55:20.056543 621c Options.level_compaction_dynamic_level_bytes: 0
2022/09/09-08:55:20.056547 621c          Options.max_bytes_for_level_multiplier: 10.000000
2022/09/09-08:55:20.056551 621c Options.max_bytes_for_level_multiplier_addtl[0]: 1
2022/09/09-08:55:20.056554 621c Options.max_bytes_for_level_multiplier_addtl[1]: 1
2022/09/09-08:55:20.056558 621c Options.max_bytes_for_level_multiplier_addtl[2]: 1
2022/09/09-08:55:20.056562 621c Options.max_bytes_for_level_multiplier_addtl[3]: 1
2022/09/09-08:55:20.056566 621c Options.max_bytes_for_level_multiplier_addtl[4]: 1
2022/09/09-08:55:20.056569 621c Options.max_bytes_for_level_multiplier_addtl[5]: 1
2022/09/09-08:55:20.056576 621c Options.max_bytes_for_level_multiplier_addtl[6]: 1
2022/09/09-08:55:20.056579 621c       Options.max_sequential_skip_in_iterations: 8
2022/09/09-08:55:20.056583 621c                    Options.max_compaction_bytes: 1677721600
2022/09/09-08:55:20.056587 621c                        Options.arena_block_size: 1048576
2022/09/09-08:55:20.056590 621c   Options.soft_pending_compaction_bytes_limit: 68719476736
2022/09/09-08:55:20.056594 621c   Options.hard_pending_compaction_bytes_limit: 274877906944
2022/09/09-08:55:20.056598 621c       Options.rate_limit_delay_max_milliseconds: 100
2022/09/09-08:55:20.056601 621c                Options.disable_auto_compactions: 1
2022/09/09-08:55:20.056605 621c                        Options.compaction_style: kCompactionStyleLevel
2022/09/09-08:55:20.056609 621c                          Options.compaction_pri: kMinOverlappingRatio
2022/09/09-08:55:20.056613 621c Options.compaction_options_universal.size_ratio: 1
2022/09/09-08:55:20.056616 621c Options.compaction_options_universal.min_merge_width: 2
2022/09/09-08:55:20.056643 621c Options.compaction_options_universal.max_merge_width: 4294967295
2022/09/09-08:55:20.056648 621c Options.compaction_options_universal.max_size_amplification_percent: 200
2022/09/09-08:55:20.056651 621c Options.compaction_options_universal.compression_size_percent: -1
2022/09/09-08:55:20.056655 621c Options.compaction_options_universal.stop_style: kCompactionStopStyleTotalSize
2022/09/09-08:55:20.056659 621c Options.compaction_options_fifo.max_table_files_size: 1073741824
2022/09/09-08:55:20.056662 621c Options.compaction_options_fifo.allow_compaction: 0
2022/09/09-08:55:20.056667 621c                   Options.table_properties_collectors: 
2022/09/09-08:55:20.056671 621c                   Options.inplace_update_support: 0
2022/09/09-08:55:20.056674 621c                 Options.inplace_update_num_locks: 10000
2022/09/09-08:55:20.056678 621c               Options.memtable_prefix_bloom_size_ratio: 0.000000
2022/09/09-08:55:20.056681 621c               Options.memtable_whole_key_filtering: 0
2022/09/09-08:55:20.056685 621c   Options.memtable_huge_page_size: 0
2022/09/09-08:55:20.056689 621c                           Options.bloom_locality: 0
2022/09/09-08:55:20.056692 621c                    Options.max_successive_merges: 0
2022/09/09-08:55:20.056696 621c                Options.optimize_filters_for_hits: 0
2022/09/09-08:55:20.056700 621c                Options.paranoid_file_checks: 0
2022/09/09-08:55:20.056703 621c                Options.force_consistency_checks: 1
2022/09/09-08:55:20.056707 621c                Options.report_bg_io_stats: 0
2022/09/09-08:55:20.056710 621c                               Options.ttl: 0
2022/09/09-08:55:20.056714 621c          Options.periodic_compaction_seconds: 0
2022/09/09-08:55:20.056718 621c                       Options.enable_blob_files: false
2022/09/09-08:55:20.056721 621c                           Options.min_blob_size: 0
2022/09/09-08:55:20.056725 621c                          Options.blob_file_size: 268435456
2022/09/09-08:55:20.056729 621c                   Options.blob_compression_type: NoCompression
2022/09/09-08:55:20.056732 621c          Options.enable_blob_garbage_collection: false
2022/09/09-08:55:20.056736 621c      Options.blob_garbage_collection_age_cutoff: 0.250000
2022/09/09-08:55:20.056740 621c Options.blob_garbage_collection_force_threshold: 1.000000
2022/09/09-08:55:20.056743 621c          Options.blob_compaction_readahead_size: 0
2022/09/09-08:55:20.056780 621c [db\column_family.cc:607] --------------- Options for column family []:
2022/09/09-08:55:20.056785 621c               Options.comparator: leveldb.BytewiseComparator
2022/09/09-08:55:20.056789 621c           Options.merge_operator: None
2022/09/09-08:55:20.056793 621c        Options.compaction_filter: None
2022/09/09-08:55:20.056796 621c        Options.compaction_filter_factory: None
2022/09/09-08:55:20.056800 621c  Options.sst_partitioner_factory: None
2022/09/09-08:55:20.056803 621c         Options.memtable_factory: SkipListFactory
2022/09/09-08:55:20.056807 621c            Options.table_factory: BlockBasedTable
2022/09/09-08:55:20.056823 621c            table_factory options:   flush_block_policy_factory: FlushBlockBySizePolicyFactory (00000145134C9E00)
  cache_index_and_filter_blocks: 1
  cache_index_and_filter_blocks_with_high_priority: 1
  pin_l0_filter_and_index_blocks_in_cache: 0
  pin_top_level_index_and_filter: 1
  index_type: 0
  data_block_index_type: 0
  index_shortening: 1
  data_block_hash_table_util_ratio: 0.750000
  hash_index_allow_collision: 1
  checksum: 1
  no_block_cache: 0
  block_cache: 00000145145FC1B0
  block_cache_name: LRUCache
  block_cache_options:
    capacity : 134217728
    num_shard_bits : 6
    strict_capacity_limit : 0
    memory_allocator : None
    high_pri_pool_ratio: 0.000
  block_cache_compressed: 0000000000000000
  persistent_cache: 0000000000000000
  block_size: 32768
  block_size_deviation: 10
  block_restart_interval: 16
  index_block_restart_interval: 1
  metadata_block_size: 4096
  partition_filters: 0
  use_delta_encoding: 1
  filter_policy: nullptr
  whole_key_filtering: 1
  verify_compression: 0
  read_amp_bytes_per_bit: 0
  format_version: 5
  enable_index_compression: 1
  block_align: 0
  max_auto_readahead_size: 262144
  prepopulate_block_cache: 0
2022/09/09-08:55:20.056831 621c        Options.write_buffer_size: 67108864
2022/09/09-08:55:20.056839 621c  Options.max_write_buffer_number: 2
2022/09/09-08:55:20.056843 621c          Options.compression: Snappy
2022/09/09-08:55:20.056846 621c                  Options.bottommost_compression: Disabled
2022/09/09-08:55:20.056850 621c       Options.prefix_extractor: nullptr
2022/09/09-08:55:20.056854 621c   Options.memtable_insert_with_hint_prefix_extractor: nullptr
2022/09/09-08:55:20.056857 621c             Options.num_levels: 7
2022/09/09-08:55:20.056861 621c        Options.min_write_buffer_number_to_merge: 1
2022/09/09-08:55:20.056867 621c     Options.max_write_buffer_number_to_maintain: 0
2022/09/09-08:55:20.056872 621c     Options.max_write_buffer_size_to_maintain: 134217728
2022/09/09-08:55:20.056875 621c            Options.bottommost_compression_opts.window_bits: -14
2022/09/09-08:55:20.056879 621c                  Options.bottommost_compression_opts.level: 32767
2022/09/09-08:55:20.056883 621c               Options.bottommost_compression_opts.strategy: 0
2022/09/09-08:55:20.056887 621c         Options.bottommost_compression_opts.max_dict_bytes: 0
2022/09/09-08:55:20.056891 621c         Options.bottommost_compression_opts.zstd_max_train_bytes: 0
2022/09/09-08:55:20.056895 621c         Options.bottommost_compression_opts.parallel_threads: 1
2022/09/09-08:55:20.056899 621c                  Options.bottommost_compression_opts.enabled: false
2022/09/09-08:55:20.056902 621c         Options.bottommost_compression_opts.max_dict_buffer_bytes: 0
2022/09/09-08:55:20.056906 621c            Options.compression_opts.window_bits: -14
2022/09/09-08:55:20.056909 621c                  Options.compression_opts.level: 32767
2022/09/09-08:55:20.056913 621c               Options.compression_opts.strategy: 0
2022/09/09-08:55:20.056917 621c         Options.compression_opts.max_dict_bytes: 0
2022/09/09-08:55:20.056920 621c         Options.compression_opts.zstd_max_train_bytes: 0
2022/09/09-08:55:20.056924 621c         Options.compression_opts.parallel_threads: 1
2022/09/09-08:55:20.056927 621c                  Options.compression_opts.enabled: false
2022/09/09-08:55:20.056931 621c         Options.compression_opts.max_dict_buffer_bytes: 0
2022/09/09-08:55:20.056934 621c      Options.level0_file_num_compaction_trigger: 4
2022/09/09-08:55:20.056938 621c          Options.level0_slowdown_writes_trigger: 20
2022/09/09-08:55:20.056942 621c              Options.level0_stop_writes_trigger: 36
2022/09/09-08:55:20.056945 621c                   Options.target_file_size_base: 67108864
2022/09/09-08:55:20.056949 621c             Options.target_file_size_multiplier: 1
2022/09/09-08:55:20.056952 621c                Options.max_bytes_for_level_base: 268435456
